2048 6016
1 5
2 5
3 5
4 5
1 6
2 6
3 6
4 6
1 7
2 7
3 7
4 7
1 8
2 8
3 8
4 8
5 13
9 13
10 13
11 13
12 13
6 14
9 14
10 14
11 14
12 14
7 15
9 15
10 15
11 15
12 15
8 16
9 16
10 16
11 16
12 16
13 21
17 21
18 21
19 21
20 21
14 22
17 22
18 22
19 22
20 22
15 23
17 23
18 23
19 23
20 23
16 24
17 24
18 24
19 24
20 24
21 29
25 29
26 29
27 29
28 29
22 30
25 30
26 30
27 30
28 30
23 31
25 31
26 31
27 31
28 31
24 32
25 32
26 32
27 32
28 32
29 37
33 37
34 37
35 37
36 37
30 38
33 38
34 38
35 38
36 38
31 39
33 39
34 39
35 39
36 39
32 40
33 40
34 40
35 40
36 40
37 45
41 45
42 45
43 45
44 45
38 46
41 46
42 46
43 46
44 46
39 47
41 47
42 47
43 47
44 47
40 48
41 48
42 48
43 48
44 48
45 53
49 53
50 53
51 53
52 53
46 54
49 54
50 54
51 54
52 54
47 55
49 55
50 55
51 55
52 55
48 56
49 56
50 56
51 56
52 56
53 61
57 61
58 61
59 61
60 61
54 62
57 62
58 62
59 62
60 62
55 63
57 63
58 63
59 63
60 63
56 64
57 64
58 64
59 64
60 64
61 69
65 69
66 69
67 69
68 69
62 70
65 70
66 70
67 70
68 70
63 71
65 71
66 71
67 71
68 71
64 72
65 72
66 72
67 72
68 72
69 77
73 77
74 77
75 77
76 77
70 78
73 78
74 78
75 78
76 78
71 79
73 79
74 79
75 79
76 79
72 80
73 80
74 80
75 80
76 80
77 85
81 85
82 85
83 85
84 85
78 86
81 86
82 86
83 86
84 86
79 87
81 87
82 87
83 87
84 87
80 88
81 88
82 88
83 88
84 88
85 93
89 93
90 93
91 93
92 93
86 94
89 94
90 94
91 94
92 94
87 95
89 95
90 95
91 95
92 95
88 96
89 96
90 96
91 96
92 96
93 101
97 101
98 101
99 101
100 101
94 102
97 102
98 102
99 102
100 102
95 103
97 103
98 103
99 103
100 103
96 104
97 104
98 104
99 104
100 104
101 109
105 109
106 109
107 109
108 109
102 110
105 110
106 110
107 110
108 110
103 111
105 111
106 111
107 111
108 111
104 112
105 112
106 112
107 112
108 112
109 117
113 117
114 117
115 117
116 117
110 118
113 118
114 118
115 118
116 118
111 119
113 119
114 119
115 119
116 119
112 120
113 120
114 120
115 120
116 120
117 125
121 125
122 125
123 125
124 125
118 126
121 126
122 126
123 126
124 126
119 127
121 127
122 127
123 127
124 127
120 128
121 128
122 128
123 128
124 128
1 129
2 130
3 131
4 132
129 133
130 133
131 133
132 133
129 134
130 134
131 134
132 134
129 135
130 135
131 135
132 135
129 136
130 136
131 136
132 136
9 137
10 138
11 139
12 140
133 141
137 141
138 141
139 141
140 141
134 142
137 142
138 142
139 142
140 142
135 143
137 143
138 143
139 143
140 143
136 144
137 144
138 144
139 144
140 144
17 145
18 146
19 147
20 148
141 149
145 149
146 149
147 149
148 149
142 150
145 150
146 150
147 150
148 150
143 151
145 151
146 151
147 151
148 151
144 152
145 152
146 152
147 152
148 152
25 153
26 154
27 155
28 156
149 157
153 157
154 157
155 157
156 157
150 158
153 158
154 158
155 158
156 158
151 159
153 159
154 159
155 159
156 159
152 160
153 160
154 160
155 160
156 160
33 161
34 162
35 163
36 164
157 165
161 165
162 165
163 165
164 165
158 166
161 166
162 166
163 166
164 166
159 167
161 167
162 167
163 167
164 167
160 168
161 168
162 168
163 168
164 168
41 169
42 170
43 171
44 172
165 173
169 173
170 173
171 173
172 173
166 174
169 174
170 174
171 174
172 174
167 175
169 175
170 175
171 175
172 175
168 176
169 176
170 176
171 176
172 176
49 177
50 178
51 179
52 180
173 181
177 181
178 181
179 181
180 181
174 182
177 182
178 182
179 182
180 182
175 183
177 183
178 183
179 183
180 183
176 184
177 184
178 184
179 184
180 184
57 185
58 186
59 187
60 188
181 189
185 189
186 189
187 189
188 189
182 190
185 190
186 190
187 190
188 190
183 191
185 191
186 191
187 191
188 191
184 192
185 192
186 192
187 192
188 192
65 193
66 194
67 195
68 196
189 197
193 197
194 197
195 197
196 197
190 198
193 198
194 198
195 198
196 198
191 199
193 199
194 199
195 199
196 199
192 200
193 200
194 200
195 200
196 200
73 201
74 202
75 203
76 204
197 205
201 205
202 205
203 205
204 205
198 206
201 206
202 206
203 206
204 206
199 207
201 207
202 207
203 207
204 207
200 208
201 208
202 208
203 208
204 208
81 209
82 210
83 211
84 212
205 213
209 213
210 213
211 213
212 213
206 214
209 214
210 214
211 214
212 214
207 215
209 215
210 215
211 215
212 215
208 216
209 216
210 216
211 216
212 216
89 217
90 218
91 219
92 220
213 221
217 221
218 221
219 221
220 221
214 222
217 222
218 222
219 222
220 222
215 223
217 223
218 223
219 223
220 223
216 224
217 224
218 224
219 224
220 224
97 225
98 226
99 227
100 228
221 229
225 229
226 229
227 229
228 229
222 230
225 230
226 230
227 230
228 230
223 231
225 231
226 231
227 231
228 231
224 232
225 232
226 232
227 232
228 232
105 233
106 234
107 235
108 236
229 237
233 237
234 237
235 237
236 237
230 238
233 238
234 238
235 238
236 238
231 239
233 239
234 239
235 239
236 239
232 240
233 240
234 240
235 240
236 240
113 241
114 242
115 243
116 244
237 245
241 245
242 245
243 245
244 245
238 246
241 246
242 246
243 246
244 246
239 247
241 247
242 247
243 247
244 247
240 248
241 248
242 248
243 248
244 248
121 249
122 250
123 251
124 252
245 253
249 253
250 253
251 253
252 253
246 254
249 254
250 254
251 254
252 254
247 255
249 255
250 255
251 255
252 255
248 256
249 256
250 256
251 256
252 256
129 257
130 258
131 259
132 260
257 261
258 261
259 261
260 261
257 262
258 262
259 262
260 262
257 263
258 263
259 263
260 263
257 264
258 264
259 264
260 264
137 265
138 266
139 267
140 268
261 269
265 269
266 269
267 269
268 269
262 270
265 270
266 270
267 270
268 270
263 271
265 271
266 271
267 271
268 271
264 272
265 272
266 272
267 272
268 272
145 273
146 274
147 275
148 276
269 277
273 277
274 277
275 277
276 277
270 278
273 278
274 278
275 278
276 278
271 279
273 279
274 279
275 279
276 279
272 280
273 280
274 280
275 280
276 280
153 281
154 282
155 283
156 284
277 285
281 285
282 285
283 285
284 285
278 286
281 286
282 286
283 286
284 286
279 287
281 287
282 287
283 287
284 287
280 288
281 288
282 288
283 288
284 288
161 289
162 290
163 291
164 292
285 293
289 293
290 293
291 293
292 293
286 294
289 294
290 294
291 294
292 294
287 295
289 295
290 295
291 295
292 295
288 296
289 296
290 296
291 296
292 296
169 297
170 298
171 299
172 300
293 301
297 301
298 301
299 301
300 301
294 302
297 302
298 302
299 302
300 302
295 303
297 303
298 303
299 303
300 303
296 304
297 304
298 304
299 304
300 304
177 305
178 306
179 307
180 308
301 309
305 309
306 309
307 309
308 309
302 310
305 310
306 310
307 310
308 310
303 311
305 311
306 311
307 311
308 311
304 312
305 312
306 312
307 312
308 312
185 313
186 314
187 315
188 316
309 317
313 317
314 317
315 317
316 317
310 318
313 318
314 318
315 318
316 318
311 319
313 319
314 319
315 319
316 319
312 320
313 320
314 320
315 320
316 320
193 321
194 322
195 323
196 324
317 325
321 325
322 325
323 325
324 325
318 326
321 326
322 326
323 326
324 326
319 327
321 327
322 327
323 327
324 327
320 328
321 328
322 328
323 328
324 328
201 329
202 330
203 331
204 332
325 333
329 333
330 333
331 333
332 333
326 334
329 334
330 334
331 334
332 334
327 335
329 335
330 335
331 335
332 335
328 336
329 336
330 336
331 336
332 336
209 337
210 338
211 339
212 340
333 341
337 341
338 341
339 341
340 341
334 342
337 342
338 342
339 342
340 342
335 343
337 343
338 343
339 343
340 343
336 344
337 344
338 344
339 344
340 344
217 345
218 346
219 347
220 348
341 349
345 349
346 349
347 349
348 349
342 350
345 350
346 350
347 350
348 350
343 351
345 351
346 351
347 351
348 351
344 352
345 352
346 352
347 352
348 352
225 353
226 354
227 355
228 356
349 357
353 357
354 357
355 357
356 357
350 358
353 358
354 358
355 358
356 358
351 359
353 359
354 359
355 359
356 359
352 360
353 360
354 360
355 360
356 360
233 361
234 362
235 363
236 364
357 365
361 365
362 365
363 365
364 365
358 366
361 366
362 366
363 366
364 366
359 367
361 367
362 367
363 367
364 367
360 368
361 368
362 368
363 368
364 368
241 369
242 370
243 371
244 372
365 373
369 373
370 373
371 373
372 373
366 374
369 374
370 374
371 374
372 374
367 375
369 375
370 375
371 375
372 375
368 376
369 376
370 376
371 376
372 376
249 377
250 378
251 379
252 380
373 381
377 381
378 381
379 381
380 381
374 382
377 382
378 382
379 382
380 382
375 383
377 383
378 383
379 383
380 383
376 384
377 384
378 384
379 384
380 384
257 385
258 386
259 387
260 388
385 389
386 389
387 389
388 389
385 390
386 390
387 390
388 390
385 391
386 391
387 391
388 391
385 392
386 392
387 392
388 392
265 393
266 394
267 395
268 396
389 397
393 397
394 397
395 397
396 397
390 398
393 398
394 398
395 398
396 398
391 399
393 399
394 399
395 399
396 399
392 400
393 400
394 400
395 400
396 400
273 401
274 402
275 403
276 404
397 405
401 405
402 405
403 405
404 405
398 406
401 406
402 406
403 406
404 406
399 407
401 407
402 407
403 407
404 407
400 408
401 408
402 408
403 408
404 408
281 409
282 410
283 411
284 412
405 413
409 413
410 413
411 413
412 413
406 414
409 414
410 414
411 414
412 414
407 415
409 415
410 415
411 415
412 415
408 416
409 416
410 416
411 416
412 416
289 417
290 418
291 419
292 420
413 421
417 421
418 421
419 421
420 421
414 422
417 422
418 422
419 422
420 422
415 423
417 423
418 423
419 423
420 423
416 424
417 424
418 424
419 424
420 424
297 425
298 426
299 427
300 428
421 429
425 429
426 429
427 429
428 429
422 430
425 430
426 430
427 430
428 430
423 431
425 431
426 431
427 431
428 431
424 432
425 432
426 432
427 432
428 432
305 433
306 434
307 435
308 436
429 437
433 437
434 437
435 437
436 437
430 438
433 438
434 438
435 438
436 438
431 439
433 439
434 439
435 439
436 439
432 440
433 440
434 440
435 440
436 440
313 441
314 442
315 443
316 444
437 445
441 445
442 445
443 445
444 445
438 446
441 446
442 446
443 446
444 446
439 447
441 447
442 447
443 447
444 447
440 448
441 448
442 448
443 448
444 448
321 449
322 450
323 451
324 452
445 453
449 453
450 453
451 453
452 453
446 454
449 454
450 454
451 454
452 454
447 455
449 455
450 455
451 455
452 455
448 456
449 456
450 456
451 456
452 456
329 457
330 458
331 459
332 460
453 461
457 461
458 461
459 461
460 461
454 462
457 462
458 462
459 462
460 462
455 463
457 463
458 463
459 463
460 463
456 464
457 464
458 464
459 464
460 464
337 465
338 466
339 467
340 468
461 469
465 469
466 469
467 469
468 469
462 470
465 470
466 470
467 470
468 470
463 471
465 471
466 471
467 471
468 471
464 472
465 472
466 472
467 472
468 472
345 473
346 474
347 475
348 476
469 477
473 477
474 477
475 477
476 477
470 478
473 478
474 478
475 478
476 478
471 479
473 479
474 479
475 479
476 479
472 480
473 480
474 480
475 480
476 480
353 481
354 482
355 483
356 484
477 485
481 485
482 485
483 485
484 485
478 486
481 486
482 486
483 486
484 486
479 487
481 487
482 487
483 487
484 487
480 488
481 488
482 488
483 488
484 488
361 489
362 490
363 491
364 492
485 493
489 493
490 493
491 493
492 493
486 494
489 494
490 494
491 494
492 494
487 495
489 495
490 495
491 495
492 495
488 496
489 496
490 496
491 496
492 496
369 497
370 498
371 499
372 500
493 501
497 501
498 501
499 501
500 501
494 502
497 502
498 502
499 502
500 502
495 503
497 503
498 503
499 503
500 503
496 504
497 504
498 504
499 504
500 504
377 505
378 506
379 507
380 508
501 509
505 509
506 509
507 509
508 509
502 510
505 510
506 510
507 510
508 510
503 511
505 511
506 511
507 511
508 511
504 512
505 512
506 512
507 512
508 512
385 513
386 514
387 515
388 516
513 517
514 517
515 517
516 517
513 518
514 518
515 518
516 518
513 519
514 519
515 519
516 519
513 520
514 520
515 520
516 520
393 521
394 522
395 523
396 524
517 525
521 525
522 525
523 525
524 525
518 526
521 526
522 526
523 526
524 526
519 527
521 527
522 527
523 527
524 527
520 528
521 528
522 528
523 528
524 528
401 529
402 530
403 531
404 532
525 533
529 533
530 533
531 533
532 533
526 534
529 534
530 534
531 534
532 534
527 535
529 535
530 535
531 535
532 535
528 536
529 536
530 536
531 536
532 536
409 537
410 538
411 539
412 540
533 541
537 541
538 541
539 541
540 541
534 542
537 542
538 542
539 542
540 542
535 543
537 543
538 543
539 543
540 543
536 544
537 544
538 544
539 544
540 544
417 545
418 546
419 547
420 548
541 549
545 549
546 549
547 549
548 549
542 550
545 550
546 550
547 550
548 550
543 551
545 551
546 551
547 551
548 551
544 552
545 552
546 552
547 552
548 552
425 553
426 554
427 555
428 556
549 557
553 557
554 557
555 557
556 557
550 558
553 558
554 558
555 558
556 558
551 559
553 559
554 559
555 559
556 559
552 560
553 560
554 560
555 560
556 560
433 561
434 562
435 563
436 564
557 565
561 565
562 565
563 565
564 565
558 566
561 566
562 566
563 566
564 566
559 567
561 567
562 567
563 567
564 567
560 568
561 568
562 568
563 568
564 568
441 569
442 570
443 571
444 572
565 573
569 573
570 573
571 573
572 573
566 574
569 574
570 574
571 574
572 574
567 575
569 575
570 575
571 575
572 575
568 576
569 576
570 576
571 576
572 576
449 577
450 578
451 579
452 580
573 581
577 581
578 581
579 581
580 581
574 582
577 582
578 582
579 582
580 582
575 583
577 583
578 583
579 583
580 583
576 584
577 584
578 584
579 584
580 584
457 585
458 586
459 587
460 588
581 589
585 589
586 589
587 589
588 589
582 590
585 590
586 590
587 590
588 590
583 591
585 591
586 591
587 591
588 591
584 592
585 592
586 592
587 592
588 592
465 593
466 594
467 595
468 596
589 597
593 597
594 597
595 597
596 597
590 598
593 598
594 598
595 598
596 598
591 599
593 599
594 599
595 599
596 599
592 600
593 600
594 600
595 600
596 600
473 601
474 602
475 603
476 604
597 605
601 605
602 605
603 605
604 605
598 606
601 606
602 606
603 606
604 606
599 607
601 607
602 607
603 607
604 607
600 608
601 608
602 608
603 608
604 608
481 609
482 610
483 611
484 612
605 613
609 613
610 613
611 613
612 613
606 614
609 614
610 614
611 614
612 614
607 615
609 615
610 615
611 615
612 615
608 616
609 616
610 616
611 616
612 616
489 617
490 618
491 619
492 620
613 621
617 621
618 621
619 621
620 621
614 622
617 622
618 622
619 622
620 622
615 623
617 623
618 623
619 623
620 623
616 624
617 624
618 624
619 624
620 624
497 625
498 626
499 627
500 628
621 629
625 629
626 629
627 629
628 629
622 630
625 630
626 630
627 630
628 630
623 631
625 631
626 631
627 631
628 631
624 632
625 632
626 632
627 632
628 632
505 633
506 634
507 635
508 636
629 637
633 637
634 637
635 637
636 637
630 638
633 638
634 638
635 638
636 638
631 639
633 639
634 639
635 639
636 639
632 640
633 640
634 640
635 640
636 640
513 641
514 642
515 643
516 644
641 645
642 645
643 645
644 645
641 646
642 646
643 646
644 646
641 647
642 647
643 647
644 647
641 648
642 648
643 648
644 648
521 649
522 650
523 651
524 652
645 653
649 653
650 653
651 653
652 653
646 654
649 654
650 654
651 654
652 654
647 655
649 655
650 655
651 655
652 655
648 656
649 656
650 656
651 656
652 656
529 657
530 658
531 659
532 660
653 661
657 661
658 661
659 661
660 661
654 662
657 662
658 662
659 662
660 662
655 663
657 663
658 663
659 663
660 663
656 664
657 664
658 664
659 664
660 664
537 665
538 666
539 667
540 668
661 669
665 669
666 669
667 669
668 669
662 670
665 670
666 670
667 670
668 670
663 671
665 671
666 671
667 671
668 671
664 672
665 672
666 672
667 672
668 672
545 673
546 674
547 675
548 676
669 677
673 677
674 677
675 677
676 677
670 678
673 678
674 678
675 678
676 678
671 679
673 679
674 679
675 679
676 679
672 680
673 680
674 680
675 680
676 680
553 681
554 682
555 683
556 684
677 685
681 685
682 685
683 685
684 685
678 686
681 686
682 686
683 686
684 686
679 687
681 687
682 687
683 687
684 687
680 688
681 688
682 688
683 688
684 688
561 689
562 690
563 691
564 692
685 693
689 693
690 693
691 693
692 693
686 694
689 694
690 694
691 694
692 694
687 695
689 695
690 695
691 695
692 695
688 696
689 696
690 696
691 696
692 696
569 697
570 698
571 699
572 700
693 701
697 701
698 701
699 701
700 701
694 702
697 702
698 702
699 702
700 702
695 703
697 703
698 703
699 703
700 703
696 704
697 704
698 704
699 704
700 704
577 705
578 706
579 707
580 708
701 709
705 709
706 709
707 709
708 709
702 710
705 710
706 710
707 710
708 710
703 711
705 711
706 711
707 711
708 711
704 712
705 712
706 712
707 712
708 712
585 713
586 714
587 715
588 716
709 717
713 717
714 717
715 717
716 717
710 718
713 718
714 718
715 718
716 718
711 719
713 719
714 719
715 719
716 719
712 720
713 720
714 720
715 720
716 720
593 721
594 722
595 723
596 724
717 725
721 725
722 725
723 725
724 725
718 726
721 726
722 726
723 726
724 726
719 727
721 727
722 727
723 727
724 727
720 728
721 728
722 728
723 728
724 728
601 729
602 730
603 731
604 732
725 733
729 733
730 733
731 733
732 733
726 734
729 734
730 734
731 734
732 734
727 735
729 735
730 735
731 735
732 735
728 736
729 736
730 736
731 736
732 736
609 737
610 738
611 739
612 740
733 741
737 741
738 741
739 741
740 741
734 742
737 742
738 742
739 742
740 742
735 743
737 743
738 743
739 743
740 743
736 744
737 744
738 744
739 744
740 744
617 745
618 746
619 747
620 748
741 749
745 749
746 749
747 749
748 749
742 750
745 750
746 750
747 750
748 750
743 751
745 751
746 751
747 751
748 751
744 752
745 752
746 752
747 752
748 752
625 753
626 754
627 755
628 756
749 757
753 757
754 757
755 757
756 757
750 758
753 758
754 758
755 758
756 758
751 759
753 759
754 759
755 759
756 759
752 760
753 760
754 760
755 760
756 760
633 761
634 762
635 763
636 764
757 765
761 765
762 765
763 765
764 765
758 766
761 766
762 766
763 766
764 766
759 767
761 767
762 767
763 767
764 767
760 768
761 768
762 768
763 768
764 768
641 769
642 770
643 771
644 772
769 773
770 773
771 773
772 773
769 774
770 774
771 774
772 774
769 775
770 775
771 775
772 775
769 776
770 776
771 776
772 776
649 777
650 778
651 779
652 780
773 781
777 781
778 781
779 781
780 781
774 782
777 782
778 782
779 782
780 782
775 783
777 783
778 783
779 783
780 783
776 784
777 784
778 784
779 784
780 784
657 785
658 786
659 787
660 788
781 789
785 789
786 789
787 789
788 789
782 790
785 790
786 790
787 790
788 790
783 791
785 791
786 791
787 791
788 791
784 792
785 792
786 792
787 792
788 792
665 793
666 794
667 795
668 796
789 797
793 797
794 797
795 797
796 797
790 798
793 798
794 798
795 798
796 798
791 799
793 799
794 799
795 799
796 799
792 800
793 800
794 800
795 800
796 800
673 801
674 802
675 803
676 804
797 805
801 805
802 805
803 805
804 805
798 806
801 806
802 806
803 806
804 806
799 807
801 807
802 807
803 807
804 807
800 808
801 808
802 808
803 808
804 808
681 809
682 810
683 811
684 812
805 813
809 813
810 813
811 813
812 813
806 814
809 814
810 814
811 814
812 814
807 815
809 815
810 815
811 815
812 815
808 816
809 816
810 816
811 816
812 816
689 817
690 818
691 819
692 820
813 821
817 821
818 821
819 821
820 821
814 822
817 822
818 822
819 822
820 822
815 823
817 823
818 823
819 823
820 823
816 824
817 824
818 824
819 824
820 824
697 825
698 826
699 827
700 828
821 829
825 829
826 829
827 829
828 829
822 830
825 830
826 830
827 830
828 830
823 831
825 831
826 831
827 831
828 831
824 832
825 832
826 832
827 832
828 832
705 833
706 834
707 835
708 836
829 837
833 837
834 837
835 837
836 837
830 838
833 838
834 838
835 838
836 838
831 839
833 839
834 839
835 839
836 839
832 840
833 840
834 840
835 840
836 840
713 841
714 842
715 843
716 844
837 845
841 845
842 845
843 845
844 845
838 846
841 846
842 846
843 846
844 846
839 847
841 847
842 847
843 847
844 847
840 848
841 848
842 848
843 848
844 848
721 849
722 850
723 851
724 852
845 853
849 853
850 853
851 853
852 853
846 854
849 854
850 854
851 854
852 854
847 855
849 855
850 855
851 855
852 855
848 856
849 856
850 856
851 856
852 856
729 857
730 858
731 859
732 860
853 861
857 861
858 861
859 861
860 861
854 862
857 862
858 862
859 862
860 862
855 863
857 863
858 863
859 863
860 863
856 864
857 864
858 864
859 864
860 864
737 865
738 866
739 867
740 868
861 869
865 869
866 869
867 869
868 869
862 870
865 870
866 870
867 870
868 870
863 871
865 871
866 871
867 871
868 871
864 872
865 872
866 872
867 872
868 872
745 873
746 874
747 875
748 876
869 877
873 877
874 877
875 877
876 877
870 878
873 878
874 878
875 878
876 878
871 879
873 879
874 879
875 879
876 879
872 880
873 880
874 880
875 880
876 880
753 881
754 882
755 883
756 884
877 885
881 885
882 885
883 885
884 885
878 886
881 886
882 886
883 886
884 886
879 887
881 887
882 887
883 887
884 887
880 888
881 888
882 888
883 888
884 888
761 889
762 890
763 891
764 892
885 893
889 893
890 893
891 893
892 893
886 894
889 894
890 894
891 894
892 894
887 895
889 895
890 895
891 895
892 895
888 896
889 896
890 896
891 896
892 896
769 897
770 898
771 899
772 900
897 901
898 901
899 901
900 901
897 902
898 902
899 902
900 902
897 903
898 903
899 903
900 903
897 904
898 904
899 904
900 904
777 905
778 906
779 907
780 908
901 909
905 909
906 909
907 909
908 909
902 910
905 910
906 910
907 910
908 910
903 911
905 911
906 911
907 911
908 911
904 912
905 912
906 912
907 912
908 912
785 913
786 914
787 915
788 916
909 917
913 917
914 917
915 917
916 917
910 918
913 918
914 918
915 918
916 918
911 919
913 919
914 919
915 919
916 919
912 920
913 920
914 920
915 920
916 920
793 921
794 922
795 923
796 924
917 925
921 925
922 925
923 925
924 925
918 926
921 926
922 926
923 926
924 926
919 927
921 927
922 927
923 927
924 927
920 928
921 928
922 928
923 928
924 928
801 929
802 930
803 931
804 932
925 933
929 933
930 933
931 933
932 933
926 934
929 934
930 934
931 934
932 934
927 935
929 935
930 935
931 935
932 935
928 936
929 936
930 936
931 936
932 936
809 937
810 938
811 939
812 940
933 941
937 941
938 941
939 941
940 941
934 942
937 942
938 942
939 942
940 942
935 943
937 943
938 943
939 943
940 943
936 944
937 944
938 944
939 944
940 944
817 945
818 946
819 947
820 948
941 949
945 949
946 949
947 949
948 949
942 950
945 950
946 950
947 950
948 950
943 951
945 951
946 951
947 951
948 951
944 952
945 952
946 952
947 952
948 952
825 953
826 954
827 955
828 956
949 957
953 957
954 957
955 957
956 957
950 958
953 958
954 958
955 958
956 958
951 959
953 959
954 959
955 959
956 959
952 960
953 960
954 960
955 960
956 960
833 961
834 962
835 963
836 964
957 965
961 965
962 965
963 965
964 965
958 966
961 966
962 966
963 966
964 966
959 967
961 967
962 967
963 967
964 967
960 968
961 968
962 968
963 968
964 968
841 969
842 970
843 971
844 972
965 973
969 973
970 973
971 973
972 973
966 974
969 974
970 974
971 974
972 974
967 975
969 975
970 975
971 975
972 975
968 976
969 976
970 976
971 976
972 976
849 977
850 978
851 979
852 980
973 981
977 981
978 981
979 981
980 981
974 982
977 982
978 982
979 982
980 982
975 983
977 983
978 983
979 983
980 983
976 984
977 984
978 984
979 984
980 984
857 985
858 986
859 987
860 988
981 989
985 989
986 989
987 989
988 989
982 990
985 990
986 990
987 990
988 990
983 991
985 991
986 991
987 991
988 991
984 992
985 992
986 992
987 992
988 992
865 993
866 994
867 995
868 996
989 997
993 997
994 997
995 997
996 997
990 998
993 998
994 998
995 998
996 998
991 999
993 999
994 999
995 999
996 999
992 1000
993 1000
994 1000
995 1000
996 1000
873 1001
874 1002
875 1003
876 1004
997 1005
1001 1005
1002 1005
1003 1005
1004 1005
998 1006
1001 1006
1002 1006
1003 1006
1004 1006
999 1007
1001 1007
1002 1007
1003 1007
1004 1007
1000 1008
1001 1008
1002 1008
1003 1008
1004 1008
881 1009
882 1010
883 1011
884 1012
1005 1013
1009 1013
1010 1013
1011 1013
1012 1013
1006 1014
1009 1014
1010 1014
1011 1014
1012 1014
1007 1015
1009 1015
1010 1015
1011 1015
1012 1015
1008 1016
1009 1016
1010 1016
1011 1016
1012 1016
889 1017
890 1018
891 1019
892 1020
1013 1021
1017 1021
1018 1021
1019 1021
1020 1021
1014 1022
1017 1022
1018 1022
1019 1022
1020 1022
1015 1023
1017 1023
1018 1023
1019 1023
1020 1023
1016 1024
1017 1024
1018 1024
1019 1024
1020 1024
897 1025
898 1026
899 1027
900 1028
1025 1029
1026 1029
1027 1029
1028 1029
1025 1030
1026 1030
1027 1030
1028 1030
1025 1031
1026 1031
1027 1031
1028 1031
1025 1032
1026 1032
1027 1032
1028 1032
905 1033
906 1034
907 1035
908 1036
1029 1037
1033 1037
1034 1037
1035 1037
1036 1037
1030 1038
1033 1038
1034 1038
1035 1038
1036 1038
1031 1039
1033 1039
1034 1039
1035 1039
1036 1039
1032 1040
1033 1040
1034 1040
1035 1040
1036 1040
913 1041
914 1042
915 1043
916 1044
1037 1045
1041 1045
1042 1045
1043 1045
1044 1045
1038 1046
1041 1046
1042 1046
1043 1046
1044 1046
1039 1047
1041 1047
1042 1047
1043 1047
1044 1047
1040 1048
1041 1048
1042 1048
1043 1048
1044 1048
921 1049
922 1050
923 1051
924 1052
1045 1053
1049 1053
1050 1053
1051 1053
1052 1053
1046 1054
1049 1054
1050 1054
1051 1054
1052 1054
1047 1055
1049 1055
1050 1055
1051 1055
1052 1055
1048 1056
1049 1056
1050 1056
1051 1056
1052 1056
929 1057
930 1058
931 1059
932 1060
1053 1061
1057 1061
1058 1061
1059 1061
1060 1061
1054 1062
1057 1062
1058 1062
1059 1062
1060 1062
1055 1063
1057 1063
1058 1063
1059 1063
1060 1063
1056 1064
1057 1064
1058 1064
1059 1064
1060 1064
937 1065
938 1066
939 1067
940 1068
1061 1069
1065 1069
1066 1069
1067 1069
1068 1069
1062 1070
1065 1070
1066 1070
1067 1070
1068 1070
1063 1071
1065 1071
1066 1071
1067 1071
1068 1071
1064 1072
1065 1072
1066 1072
1067 1072
1068 1072
945 1073
946 1074
947 1075
948 1076
1069 1077
1073 1077
1074 1077
1075 1077
1076 1077
1070 1078
1073 1078
1074 1078
1075 1078
1076 1078
1071 1079
1073 1079
1074 1079
1075 1079
1076 1079
1072 1080
1073 1080
1074 1080
1075 1080
1076 1080
953 1081
954 1082
955 1083
956 1084
1077 1085
1081 1085
1082 1085
1083 1085
1084 1085
1078 1086
1081 1086
1082 1086
1083 1086
1084 1086
1079 1087
1081 1087
1082 1087
1083 1087
1084 1087
1080 1088
1081 1088
1082 1088
1083 1088
1084 1088
961 1089
962 1090
963 1091
964 1092
1085 1093
1089 1093
1090 1093
1091 1093
1092 1093
1086 1094
1089 1094
1090 1094
1091 1094
1092 1094
1087 1095
1089 1095
1090 1095
1091 1095
1092 1095
1088 1096
1089 1096
1090 1096
1091 1096
1092 1096
969 1097
970 1098
971 1099
972 1100
1093 1101
1097 1101
1098 1101
1099 1101
1100 1101
1094 1102
1097 1102
1098 1102
1099 1102
1100 1102
1095 1103
1097 1103
1098 1103
1099 1103
1100 1103
1096 1104
1097 1104
1098 1104
1099 1104
1100 1104
977 1105
978 1106
979 1107
980 1108
1101 1109
1105 1109
1106 1109
1107 1109
1108 1109
1102 1110
1105 1110
1106 1110
1107 1110
1108 1110
1103 1111
1105 1111
1106 1111
1107 1111
1108 1111
1104 1112
1105 1112
1106 1112
1107 1112
1108 1112
985 1113
986 1114
987 1115
988 1116
1109 1117
1113 1117
1114 1117
1115 1117
1116 1117
1110 1118
1113 1118
1114 1118
1115 1118
1116 1118
1111 1119
1113 1119
1114 1119
1115 1119
1116 1119
1112 1120
1113 1120
1114 1120
1115 1120
1116 1120
993 1121
994 1122
995 1123
996 1124
1117 1125
1121 1125
1122 1125
1123 1125
1124 1125
1118 1126
1121 1126
1122 1126
1123 1126
1124 1126
1119 1127
1121 1127
1122 1127
1123 1127
1124 1127
1120 1128
1121 1128
1122 1128
1123 1128
1124 1128
1001 1129
1002 1130
1003 1131
1004 1132
1125 1133
1129 1133
1130 1133
1131 1133
1132 1133
1126 1134
1129 1134
1130 1134
1131 1134
1132 1134
1127 1135
1129 1135
1130 1135
1131 1135
1132 1135
1128 1136
1129 1136
1130 1136
1131 1136
1132 1136
1009 1137
1010 1138
1011 1139
1012 1140
1133 1141
1137 1141
1138 1141
1139 1141
1140 1141
1134 1142
1137 1142
1138 1142
1139 1142
1140 1142
1135 1143
1137 1143
1138 1143
1139 1143
1140 1143
1136 1144
1137 1144
1138 1144
1139 1144
1140 1144
1017 1145
1018 1146
1019 1147
1020 1148
1141 1149
1145 1149
1146 1149
1147 1149
1148 1149
1142 1150
1145 1150
1146 1150
1147 1150
1148 1150
1143 1151
1145 1151
1146 1151
1147 1151
1148 1151
1144 1152
1145 1152
1146 1152
1147 1152
1148 1152
1025 1153
1026 1154
1027 1155
1028 1156
1153 1157
1154 1157
1155 1157
1156 1157
1153 1158
1154 1158
1155 1158
1156 1158
1153 1159
1154 1159
1155 1159
1156 1159
1153 1160
1154 1160
1155 1160
1156 1160
1033 1161
1034 1162
1035 1163
1036 1164
1157 1165
1161 1165
1162 1165
1163 1165
1164 1165
1158 1166
1161 1166
1162 1166
1163 1166
1164 1166
1159 1167
1161 1167
1162 1167
1163 1167
1164 1167
1160 1168
1161 1168
1162 1168
1163 1168
1164 1168
1041 1169
1042 1170
1043 1171
1044 1172
1165 1173
1169 1173
1170 1173
1171 1173
1172 1173
1166 1174
1169 1174
1170 1174
1171 1174
1172 1174
1167 1175
1169 1175
1170 1175
1171 1175
1172 1175
1168 1176
1169 1176
1170 1176
1171 1176
1172 1176
1049 1177
1050 1178
1051 1179
1052 1180
1173 1181
1177 1181
1178 1181
1179 1181
1180 1181
1174 1182
1177 1182
1178 1182
1179 1182
1180 1182
1175 1183
1177 1183
1178 1183
1179 1183
1180 1183
1176 1184
1177 1184
1178 1184
1179 1184
1180 1184
1057 1185
1058 1186
1059 1187
1060 1188
1181 1189
1185 1189
1186 1189
1187 1189
1188 1189
1182 1190
1185 1190
1186 1190
1187 1190
1188 1190
1183 1191
1185 1191
1186 1191
1187 1191
1188 1191
1184 1192
1185 1192
1186 1192
1187 1192
1188 1192
1065 1193
1066 1194
1067 1195
1068 1196
1189 1197
1193 1197
1194 1197
1195 1197
1196 1197
1190 1198
1193 1198
1194 1198
1195 1198
1196 1198
1191 1199
1193 1199
1194 1199
1195 1199
1196 1199
1192 1200
1193 1200
1194 1200
1195 1200
1196 1200
1073 1201
1074 1202
1075 1203
1076 1204
1197 1205
1201 1205
1202 1205
1203 1205
1204 1205
1198 1206
1201 1206
1202 1206
1203 1206
1204 1206
1199 1207
1201 1207
1202 1207
1203 1207
1204 1207
1200 1208
1201 1208
1202 1208
1203 1208
1204 1208
1081 1209
1082 1210
1083 1211
1084 1212
1205 1213
1209 1213
1210 1213
1211 1213
1212 1213
1206 1214
1209 1214
1210 1214
1211 1214
1212 1214
1207 1215
1209 1215
1210 1215
1211 1215
1212 1215
1208 1216
1209 1216
1210 1216
1211 1216
1212 1216
1089 1217
1090 1218
1091 1219
1092 1220
1213 1221
1217 1221
1218 1221
1219 1221
1220 1221
1214 1222
1217 1222
1218 1222
1219 1222
1220 1222
1215 1223
1217 1223
1218 1223
1219 1223
1220 1223
1216 1224
1217 1224
1218 1224
1219 1224
1220 1224
1097 1225
1098 1226
1099 1227
1100 1228
1221 1229
1225 1229
1226 1229
1227 1229
1228 1229
1222 1230
1225 1230
1226 1230
1227 1230
1228 1230
1223 1231
1225 1231
1226 1231
1227 1231
1228 1231
1224 1232
1225 1232
1226 1232
1227 1232
1228 1232
1105 1233
1106 1234
1107 1235
1108 1236
1229 1237
1233 1237
1234 1237
1235 1237
1236 1237
1230 1238
1233 1238
1234 1238
1235 1238
1236 1238
1231 1239
1233 1239
1234 1239
1235 1239
1236 1239
1232 1240
1233 1240
1234 1240
1235 1240
1236 1240
1113 1241
1114 1242
1115 1243
1116 1244
1237 1245
1241 1245
1242 1245
1243 1245
1244 1245
1238 1246
1241 1246
1242 1246
1243 1246
1244 1246
1239 1247
1241 1247
1242 1247
1243 1247
1244 1247
1240 1248
1241 1248
1242 1248
1243 1248
1244 1248
1121 1249
1122 1250
1123 1251
1124 1252
1245 1253
1249 1253
1250 1253
1251 1253
1252 1253
1246 1254
1249 1254
1250 1254
1251 1254
1252 1254
1247 1255
1249 1255
1250 1255
1251 1255
1252 1255
1248 1256
1249 1256
1250 1256
1251 1256
1252 1256
1129 1257
1130 1258
1131 1259
1132 1260
1253 1261
1257 1261
1258 1261
1259 1261
1260 1261
1254 1262
1257 1262
1258 1262
1259 1262
1260 1262
1255 1263
1257 1263
1258 1263
1259 1263
1260 1263
1256 1264
1257 1264
1258 1264
1259 1264
1260 1264
1137 1265
1138 1266
1139 1267
1140 1268
1261 1269
1265 1269
1266 1269
1267 1269
1268 1269
1262 1270
1265 1270
1266 1270
1267 1270
1268 1270
1263 1271
1265 1271
1266 1271
1267 1271
1268 1271
1264 1272
1265 1272
1266 1272
1267 1272
1268 1272
1145 1273
1146 1274
1147 1275
1148 1276
1269 1277
1273 1277
1274 1277
1275 1277
1276 1277
1270 1278
1273 1278
1274 1278
1275 1278
1276 1278
1271 1279
1273 1279
1274 1279
1275 1279
1276 1279
1272 1280
1273 1280
1274 1280
1275 1280
1276 1280
1153 1281
1154 1282
1155 1283
1156 1284
1281 1285
1282 1285
1283 1285
1284 1285
1281 1286
1282 1286
1283 1286
1284 1286
1281 1287
1282 1287
1283 1287
1284 1287
1281 1288
1282 1288
1283 1288
1284 1288
1161 1289
1162 1290
1163 1291
1164 1292
1285 1293
1289 1293
1290 1293
1291 1293
1292 1293
1286 1294
1289 1294
1290 1294
1291 1294
1292 1294
1287 1295
1289 1295
1290 1295
1291 1295
1292 1295
1288 1296
1289 1296
1290 1296
1291 1296
1292 1296
1169 1297
1170 1298
1171 1299
1172 1300
1293 1301
1297 1301
1298 1301
1299 1301
1300 1301
1294 1302
1297 1302
1298 1302
1299 1302
1300 1302
1295 1303
1297 1303
1298 1303
1299 1303
1300 1303
1296 1304
1297 1304
1298 1304
1299 1304
1300 1304
1177 1305
1178 1306
1179 1307
1180 1308
1301 1309
1305 1309
1306 1309
1307 1309
1308 1309
1302 1310
1305 1310
1306 1310
1307 1310
1308 1310
1303 1311
1305 1311
1306 1311
1307 1311
1308 1311
1304 1312
1305 1312
1306 1312
1307 1312
1308 1312
1185 1313
1186 1314
1187 1315
1188 1316
1309 1317
1313 1317
1314 1317
1315 1317
1316 1317
1310 1318
1313 1318
1314 1318
1315 1318
1316 1318
1311 1319
1313 1319
1314 1319
1315 1319
1316 1319
1312 1320
1313 1320
1314 1320
1315 1320
1316 1320
1193 1321
1194 1322
1195 1323
1196 1324
1317 1325
1321 1325
1322 1325
1323 1325
1324 1325
1318 1326
1321 1326
1322 1326
1323 1326
1324 1326
1319 1327
1321 1327
1322 1327
1323 1327
1324 1327
1320 1328
1321 1328
1322 1328
1323 1328
1324 1328
1201 1329
1202 1330
1203 1331
1204 1332
1325 1333
1329 1333
1330 1333
1331 1333
1332 1333
1326 1334
1329 1334
1330 1334
1331 1334
1332 1334
1327 1335
1329 1335
1330 1335
1331 1335
1332 1335
1328 1336
1329 1336
1330 1336
1331 1336
1332 1336
1209 1337
1210 1338
1211 1339
1212 1340
1333 1341
1337 1341
1338 1341
1339 1341
1340 1341
1334 1342
1337 1342
1338 1342
1339 1342
1340 1342
1335 1343
1337 1343
1338 1343
1339 1343
1340 1343
1336 1344
1337 1344
1338 1344
1339 1344
1340 1344
1217 1345
1218 1346
1219 1347
1220 1348
1341 1349
1345 1349
1346 1349
1347 1349
1348 1349
1342 1350
1345 1350
1346 1350
1347 1350
1348 1350
1343 1351
1345 1351
1346 1351
1347 1351
1348 1351
1344 1352
1345 1352
1346 1352
1347 1352
1348 1352
1225 1353
1226 1354
1227 1355
1228 1356
1349 1357
1353 1357
1354 1357
1355 1357
1356 1357
1350 1358
1353 1358
1354 1358
1355 1358
1356 1358
1351 1359
1353 1359
1354 1359
1355 1359
1356 1359
1352 1360
1353 1360
1354 1360
1355 1360
1356 1360
1233 1361
1234 1362
1235 1363
1236 1364
1357 1365
1361 1365
1362 1365
1363 1365
1364 1365
1358 1366
1361 1366
1362 1366
1363 1366
1364 1366
1359 1367
1361 1367
1362 1367
1363 1367
1364 1367
1360 1368
1361 1368
1362 1368
1363 1368
1364 1368
1241 1369
1242 1370
1243 1371
1244 1372
1365 1373
1369 1373
1370 1373
1371 1373
1372 1373
1366 1374
1369 1374
1370 1374
1371 1374
1372 1374
1367 1375
1369 1375
1370 1375
1371 1375
1372 1375
1368 1376
1369 1376
1370 1376
1371 1376
1372 1376
1249 1377
1250 1378
1251 1379
1252 1380
1373 1381
1377 1381
1378 1381
1379 1381
1380 1381
1374 1382
1377 1382
1378 1382
1379 1382
1380 1382
1375 1383
1377 1383
1378 1383
1379 1383
1380 1383
1376 1384
1377 1384
1378 1384
1379 1384
1380 1384
1257 1385
1258 1386
1259 1387
1260 1388
1381 1389
1385 1389
1386 1389
1387 1389
1388 1389
1382 1390
1385 1390
1386 1390
1387 1390
1388 1390
1383 1391
1385 1391
1386 1391
1387 1391
1388 1391
1384 1392
1385 1392
1386 1392
1387 1392
1388 1392
1265 1393
1266 1394
1267 1395
1268 1396
1389 1397
1393 1397
1394 1397
1395 1397
1396 1397
1390 1398
1393 1398
1394 1398
1395 1398
1396 1398
1391 1399
1393 1399
1394 1399
1395 1399
1396 1399
1392 1400
1393 1400
1394 1400
1395 1400
1396 1400
1273 1401
1274 1402
1275 1403
1276 1404
1397 1405
1401 1405
1402 1405
1403 1405
1404 1405
1398 1406
1401 1406
1402 1406
1403 1406
1404 1406
1399 1407
1401 1407
1402 1407
1403 1407
1404 1407
1400 1408
1401 1408
1402 1408
1403 1408
1404 1408
1281 1409
1282 1410
1283 1411
1284 1412
1409 1413
1410 1413
1411 1413
1412 1413
1409 1414
1410 1414
1411 1414
1412 1414
1409 1415
1410 1415
1411 1415
1412 1415
1409 1416
1410 1416
1411 1416
1412 1416
1289 1417
1290 1418
1291 1419
1292 1420
1413 1421
1417 1421
1418 1421
1419 1421
1420 1421
1414 1422
1417 1422
1418 1422
1419 1422
1420 1422
1415 1423
1417 1423
1418 1423
1419 1423
1420 1423
1416 1424
1417 1424
1418 1424
1419 1424
1420 1424
1297 1425
1298 1426
1299 1427
1300 1428
1421 1429
1425 1429
1426 1429
1427 1429
1428 1429
1422 1430
1425 1430
1426 1430
1427 1430
1428 1430
1423 1431
1425 1431
1426 1431
1427 1431
1428 1431
1424 1432
1425 1432
1426 1432
1427 1432
1428 1432
1305 1433
1306 1434
1307 1435
1308 1436
1429 1437
1433 1437
1434 1437
1435 1437
1436 1437
1430 1438
1433 1438
1434 1438
1435 1438
1436 1438
1431 1439
1433 1439
1434 1439
1435 1439
1436 1439
1432 1440
1433 1440
1434 1440
1435 1440
1436 1440
1313 1441
1314 1442
1315 1443
1316 1444
1437 1445
1441 1445
1442 1445
1443 1445
1444 1445
1438 1446
1441 1446
1442 1446
1443 1446
1444 1446
1439 1447
1441 1447
1442 1447
1443 1447
1444 1447
1440 1448
1441 1448
1442 1448
1443 1448
1444 1448
1321 1449
1322 1450
1323 1451
1324 1452
1445 1453
1449 1453
1450 1453
1451 1453
1452 1453
1446 1454
1449 1454
1450 1454
1451 1454
1452 1454
1447 1455
1449 1455
1450 1455
1451 1455
1452 1455
1448 1456
1449 1456
1450 1456
1451 1456
1452 1456
1329 1457
1330 1458
1331 1459
1332 1460
1453 1461
1457 1461
1458 1461
1459 1461
1460 1461
1454 1462
1457 1462
1458 1462
1459 1462
1460 1462
1455 1463
1457 1463
1458 1463
1459 1463
1460 1463
1456 1464
1457 1464
1458 1464
1459 1464
1460 1464
1337 1465
1338 1466
1339 1467
1340 1468
1461 1469
1465 1469
1466 1469
1467 1469
1468 1469
1462 1470
1465 1470
1466 1470
1467 1470
1468 1470
1463 1471
1465 1471
1466 1471
1467 1471
1468 1471
1464 1472
1465 1472
1466 1472
1467 1472
1468 1472
1345 1473
1346 1474
1347 1475
1348 1476
1469 1477
1473 1477
1474 1477
1475 1477
1476 1477
1470 1478
1473 1478
1474 1478
1475 1478
1476 1478
1471 1479
1473 1479
1474 1479
1475 1479
1476 1479
1472 1480
1473 1480
1474 1480
1475 1480
1476 1480
1353 1481
1354 1482
1355 1483
1356 1484
1477 1485
1481 1485
1482 1485
1483 1485
1484 1485
1478 1486
1481 1486
1482 1486
1483 1486
1484 1486
1479 1487
1481 1487
1482 1487
1483 1487
1484 1487
1480 1488
1481 1488
1482 1488
1483 1488
1484 1488
1361 1489
1362 1490
1363 1491
1364 1492
1485 1493
1489 1493
1490 1493
1491 1493
1492 1493
1486 1494
1489 1494
1490 1494
1491 1494
1492 1494
1487 1495
1489 1495
1490 1495
1491 1495
1492 1495
1488 1496
1489 1496
1490 1496
1491 1496
1492 1496
1369 1497
1370 1498
1371 1499
1372 1500
1493 1501
1497 1501
1498 1501
1499 1501
1500 1501
1494 1502
1497 1502
1498 1502
1499 1502
1500 1502
1495 1503
1497 1503
1498 1503
1499 1503
1500 1503
1496 1504
1497 1504
1498 1504
1499 1504
1500 1504
1377 1505
1378 1506
1379 1507
1380 1508
1501 1509
1505 1509
1506 1509
1507 1509
1508 1509
1502 1510
1505 1510
1506 1510
1507 1510
1508 1510
1503 1511
1505 1511
1506 1511
1507 1511
1508 1511
1504 1512
1505 1512
1506 1512
1507 1512
1508 1512
1385 1513
1386 1514
1387 1515
1388 1516
1509 1517
1513 1517
1514 1517
1515 1517
1516 1517
1510 1518
1513 1518
1514 1518
1515 1518
1516 1518
1511 1519
1513 1519
1514 1519
1515 1519
1516 1519
1512 1520
1513 1520
1514 1520
1515 1520
1516 1520
1393 1521
1394 1522
1395 1523
1396 1524
1517 1525
1521 1525
1522 1525
1523 1525
1524 1525
1518 1526
1521 1526
1522 1526
1523 1526
1524 1526
1519 1527
1521 1527
1522 1527
1523 1527
1524 1527
1520 1528
1521 1528
1522 1528
1523 1528
1524 1528
1401 1529
1402 1530
1403 1531
1404 1532
1525 1533
1529 1533
1530 1533
1531 1533
1532 1533
1526 1534
1529 1534
1530 1534
1531 1534
1532 1534
1527 1535
1529 1535
1530 1535
1531 1535
1532 1535
1528 1536
1529 1536
1530 1536
1531 1536
1532 1536
1409 1537
1410 1538
1411 1539
1412 1540
1537 1541
1538 1541
1539 1541
1540 1541
1537 1542
1538 1542
1539 1542
1540 1542
1537 1543
1538 1543
1539 1543
1540 1543
1537 1544
1538 1544
1539 1544
1540 1544
1417 1545
1418 1546
1419 1547
1420 1548
1541 1549
1545 1549
1546 1549
1547 1549
1548 1549
1542 1550
1545 1550
1546 1550
1547 1550
1548 1550
1543 1551
1545 1551
1546 1551
1547 1551
1548 1551
1544 1552
1545 1552
1546 1552
1547 1552
1548 1552
1425 1553
1426 1554
1427 1555
1428 1556
1549 1557
1553 1557
1554 1557
1555 1557
1556 1557
1550 1558
1553 1558
1554 1558
1555 1558
1556 1558
1551 1559
1553 1559
1554 1559
1555 1559
1556 1559
1552 1560
1553 1560
1554 1560
1555 1560
1556 1560
1433 1561
1434 1562
1435 1563
1436 1564
1557 1565
1561 1565
1562 1565
1563 1565
1564 1565
1558 1566
1561 1566
1562 1566
1563 1566
1564 1566
1559 1567
1561 1567
1562 1567
1563 1567
1564 1567
1560 1568
1561 1568
1562 1568
1563 1568
1564 1568
1441 1569
1442 1570
1443 1571
1444 1572
1565 1573
1569 1573
1570 1573
1571 1573
1572 1573
1566 1574
1569 1574
1570 1574
1571 1574
1572 1574
1567 1575
1569 1575
1570 1575
1571 1575
1572 1575
1568 1576
1569 1576
1570 1576
1571 1576
1572 1576
1449 1577
1450 1578
1451 1579
1452 1580
1573 1581
1577 1581
1578 1581
1579 1581
1580 1581
1574 1582
1577 1582
1578 1582
1579 1582
1580 1582
1575 1583
1577 1583
1578 1583
1579 1583
1580 1583
1576 1584
1577 1584
1578 1584
1579 1584
1580 1584
1457 1585
1458 1586
1459 1587
1460 1588
1581 1589
1585 1589
1586 1589
1587 1589
1588 1589
1582 1590
1585 1590
1586 1590
1587 1590
1588 1590
1583 1591
1585 1591
1586 1591
1587 1591
1588 1591
1584 1592
1585 1592
1586 1592
1587 1592
1588 1592
1465 1593
1466 1594
1467 1595
1468 1596
1589 1597
1593 1597
1594 1597
1595 1597
1596 1597
1590 1598
1593 1598
1594 1598
1595 1598
1596 1598
1591 1599
1593 1599
1594 1599
1595 1599
1596 1599
1592 1600
1593 1600
1594 1600
1595 1600
1596 1600
1473 1601
1474 1602
1475 1603
1476 1604
1597 1605
1601 1605
1602 1605
1603 1605
1604 1605
1598 1606
1601 1606
1602 1606
1603 1606
1604 1606
1599 1607
1601 1607
1602 1607
1603 1607
1604 1607
1600 1608
1601 1608
1602 1608
1603 1608
1604 1608
1481 1609
1482 1610
1483 1611
1484 1612
1605 1613
1609 1613
1610 1613
1611 1613
1612 1613
1606 1614
1609 1614
1610 1614
1611 1614
1612 1614
1607 1615
1609 1615
1610 1615
1611 1615
1612 1615
1608 1616
1609 1616
1610 1616
1611 1616
1612 1616
1489 1617
1490 1618
1491 1619
1492 1620
1613 1621
1617 1621
1618 1621
1619 1621
1620 1621
1614 1622
1617 1622
1618 1622
1619 1622
1620 1622
1615 1623
1617 1623
1618 1623
1619 1623
1620 1623
1616 1624
1617 1624
1618 1624
1619 1624
1620 1624
1497 1625
1498 1626
1499 1627
1500 1628
1621 1629
1625 1629
1626 1629
1627 1629
1628 1629
1622 1630
1625 1630
1626 1630
1627 1630
1628 1630
1623 1631
1625 1631
1626 1631
1627 1631
1628 1631
1624 1632
1625 1632
1626 1632
1627 1632
1628 1632
1505 1633
1506 1634
1507 1635
1508 1636
1629 1637
1633 1637
1634 1637
1635 1637
1636 1637
1630 1638
1633 1638
1634 1638
1635 1638
1636 1638
1631 1639
1633 1639
1634 1639
1635 1639
1636 1639
1632 1640
1633 1640
1634 1640
1635 1640
1636 1640
1513 1641
1514 1642
1515 1643
1516 1644
1637 1645
1641 1645
1642 1645
1643 1645
1644 1645
1638 1646
1641 1646
1642 1646
1643 1646
1644 1646
1639 1647
1641 1647
1642 1647
1643 1647
1644 1647
1640 1648
1641 1648
1642 1648
1643 1648
1644 1648
1521 1649
1522 1650
1523 1651
1524 1652
1645 1653
1649 1653
1650 1653
1651 1653
1652 1653
1646 1654
1649 1654
1650 1654
1651 1654
1652 1654
1647 1655
1649 1655
1650 1655
1651 1655
1652 1655
1648 1656
1649 1656
1650 1656
1651 1656
1652 1656
1529 1657
1530 1658
1531 1659
1532 1660
1653 1661
1657 1661
1658 1661
1659 1661
1660 1661
1654 1662
1657 1662
1658 1662
1659 1662
1660 1662
1655 1663
1657 1663
1658 1663
1659 1663
1660 1663
1656 1664
1657 1664
1658 1664
1659 1664
1660 1664
1537 1665
1538 1666
1539 1667
1540 1668
1665 1669
1666 1669
1667 1669
1668 1669
1665 1670
1666 1670
1667 1670
1668 1670
1665 1671
1666 1671
1667 1671
1668 1671
1665 1672
1666 1672
1667 1672
1668 1672
1545 1673
1546 1674
1547 1675
1548 1676
1669 1677
1673 1677
1674 1677
1675 1677
1676 1677
1670 1678
1673 1678
1674 1678
1675 1678
1676 1678
1671 1679
1673 1679
1674 1679
1675 1679
1676 1679
1672 1680
1673 1680
1674 1680
1675 1680
1676 1680
1553 1681
1554 1682
1555 1683
1556 1684
1677 1685
1681 1685
1682 1685
1683 1685
1684 1685
1678 1686
1681 1686
1682 1686
1683 1686
1684 1686
1679 1687
1681 1687
1682 1687
1683 1687
1684 1687
1680 1688
1681 1688
1682 1688
1683 1688
1684 1688
1561 1689
1562 1690
1563 1691
1564 1692
1685 1693
1689 1693
1690 1693
1691 1693
1692 1693
1686 1694
1689 1694
1690 1694
1691 1694
1692 1694
1687 1695
1689 1695
1690 1695
1691 1695
1692 1695
1688 1696
1689 1696
1690 1696
1691 1696
1692 1696
1569 1697
1570 1698
1571 1699
1572 1700
1693 1701
1697 1701
1698 1701
1699 1701
1700 1701
1694 1702
1697 1702
1698 1702
1699 1702
1700 1702
1695 1703
1697 1703
1698 1703
1699 1703
1700 1703
1696 1704
1697 1704
1698 1704
1699 1704
1700 1704
1577 1705
1578 1706
1579 1707
1580 1708
1701 1709
1705 1709
1706 1709
1707 1709
1708 1709
1702 1710
1705 1710
1706 1710
1707 1710
1708 1710
1703 1711
1705 1711
1706 1711
1707 1711
1708 1711
1704 1712
1705 1712
1706 1712
1707 1712
1708 1712
1585 1713
1586 1714
1587 1715
1588 1716
1709 1717
1713 1717
1714 1717
1715 1717
1716 1717
1710 1718
1713 1718
1714 1718
1715 1718
1716 1718
1711 1719
1713 1719
1714 1719
1715 1719
1716 1719
1712 1720
1713 1720
1714 1720
1715 1720
1716 1720
1593 1721
1594 1722
1595 1723
1596 1724
1717 1725
1721 1725
1722 1725
1723 1725
1724 1725
1718 1726
1721 1726
1722 1726
1723 1726
1724 1726
1719 1727
1721 1727
1722 1727
1723 1727
1724 1727
1720 1728
1721 1728
1722 1728
1723 1728
1724 1728
1601 1729
1602 1730
1603 1731
1604 1732
1725 1733
1729 1733
1730 1733
1731 1733
1732 1733
1726 1734
1729 1734
1730 1734
1731 1734
1732 1734
1727 1735
1729 1735
1730 1735
1731 1735
1732 1735
1728 1736
1729 1736
1730 1736
1731 1736
1732 1736
1609 1737
1610 1738
1611 1739
1612 1740
1733 1741
1737 1741
1738 1741
1739 1741
1740 1741
1734 1742
1737 1742
1738 1742
1739 1742
1740 1742
1735 1743
1737 1743
1738 1743
1739 1743
1740 1743
1736 1744
1737 1744
1738 1744
1739 1744
1740 1744
1617 1745
1618 1746
1619 1747
1620 1748
1741 1749
1745 1749
1746 1749
1747 1749
1748 1749
1742 1750
1745 1750
1746 1750
1747 1750
1748 1750
1743 1751
1745 1751
1746 1751
1747 1751
1748 1751
1744 1752
1745 1752
1746 1752
1747 1752
1748 1752
1625 1753
1626 1754
1627 1755
1628 1756
1749 1757
1753 1757
1754 1757
1755 1757
1756 1757
1750 1758
1753 1758
1754 1758
1755 1758
1756 1758
1751 1759
1753 1759
1754 1759
1755 1759
1756 1759
1752 1760
1753 1760
1754 1760
1755 1760
1756 1760
1633 1761
1634 1762
1635 1763
1636 1764
1757 1765
1761 1765
1762 1765
1763 1765
1764 1765
1758 1766
1761 1766
1762 1766
1763 1766
1764 1766
1759 1767
1761 1767
1762 1767
1763 1767
1764 1767
1760 1768
1761 1768
1762 1768
1763 1768
1764 1768
1641 1769
1642 1770
1643 1771
1644 1772
1765 1773
1769 1773
1770 1773
1771 1773
1772 1773
1766 1774
1769 1774
1770 1774
1771 1774
1772 1774
1767 1775
1769 1775
1770 1775
1771 1775
1772 1775
1768 1776
1769 1776
1770 1776
1771 1776
1772 1776
1649 1777
1650 1778
1651 1779
1652 1780
1773 1781
1777 1781
1778 1781
1779 1781
1780 1781
1774 1782
1777 1782
1778 1782
1779 1782
1780 1782
1775 1783
1777 1783
1778 1783
1779 1783
1780 1783
1776 1784
1777 1784
1778 1784
1779 1784
1780 1784
1657 1785
1658 1786
1659 1787
1660 1788
1781 1789
1785 1789
1786 1789
1787 1789
1788 1789
1782 1790
1785 1790
1786 1790
1787 1790
1788 1790
1783 1791
1785 1791
1786 1791
1787 1791
1788 1791
1784 1792
1785 1792
1786 1792
1787 1792
1788 1792
1665 1793
1666 1794
1667 1795
1668 1796
1793 1797
1794 1797
1795 1797
1796 1797
1793 1798
1794 1798
1795 1798
1796 1798
1793 1799
1794 1799
1795 1799
1796 1799
1793 1800
1794 1800
1795 1800
1796 1800
1673 1801
1674 1802
1675 1803
1676 1804
1797 1805
1801 1805
1802 1805
1803 1805
1804 1805
1798 1806
1801 1806
1802 1806
1803 1806
1804 1806
1799 1807
1801 1807
1802 1807
1803 1807
1804 1807
1800 1808
1801 1808
1802 1808
1803 1808
1804 1808
1681 1809
1682 1810
1683 1811
1684 1812
1805 1813
1809 1813
1810 1813
1811 1813
1812 1813
1806 1814
1809 1814
1810 1814
1811 1814
1812 1814
1807 1815
1809 1815
1810 1815
1811 1815
1812 1815
1808 1816
1809 1816
1810 1816
1811 1816
1812 1816
1689 1817
1690 1818
1691 1819
1692 1820
1813 1821
1817 1821
1818 1821
1819 1821
1820 1821
1814 1822
1817 1822
1818 1822
1819 1822
1820 1822
1815 1823
1817 1823
1818 1823
1819 1823
1820 1823
1816 1824
1817 1824
1818 1824
1819 1824
1820 1824
1697 1825
1698 1826
1699 1827
1700 1828
1821 1829
1825 1829
1826 1829
1827 1829
1828 1829
1822 1830
1825 1830
1826 1830
1827 1830
1828 1830
1823 1831
1825 1831
1826 1831
1827 1831
1828 1831
1824 1832
1825 1832
1826 1832
1827 1832
1828 1832
1705 1833
1706 1834
1707 1835
1708 1836
1829 1837
1833 1837
1834 1837
1835 1837
1836 1837
1830 1838
1833 1838
1834 1838
1835 1838
1836 1838
1831 1839
1833 1839
1834 1839
1835 1839
1836 1839
1832 1840
1833 1840
1834 1840
1835 1840
1836 1840
1713 1841
1714 1842
1715 1843
1716 1844
1837 1845
1841 1845
1842 1845
1843 1845
1844 1845
1838 1846
1841 1846
1842 1846
1843 1846
1844 1846
1839 1847
1841 1847
1842 1847
1843 1847
1844 1847
1840 1848
1841 1848
1842 1848
1843 1848
1844 1848
1721 1849
1722 1850
1723 1851
1724 1852
1845 1853
1849 1853
1850 1853
1851 1853
1852 1853
1846 1854
1849 1854
1850 1854
1851 1854
1852 1854
1847 1855
1849 1855
1850 1855
1851 1855
1852 1855
1848 1856
1849 1856
1850 1856
1851 1856
1852 1856
1729 1857
1730 1858
1731 1859
1732 1860
1853 1861
1857 1861
1858 1861
1859 1861
1860 1861
1854 1862
1857 1862
1858 1862
1859 1862
1860 1862
1855 1863
1857 1863
1858 1863
1859 1863
1860 1863
1856 1864
1857 1864
1858 1864
1859 1864
1860 1864
1737 1865
1738 1866
1739 1867
1740 1868
1861 1869
1865 1869
1866 1869
1867 1869
1868 1869
1862 1870
1865 1870
1866 1870
1867 1870
1868 1870
1863 1871
1865 1871
1866 1871
1867 1871
1868 1871
1864 1872
1865 1872
1866 1872
1867 1872
1868 1872
1745 1873
1746 1874
1747 1875
1748 1876
1869 1877
1873 1877
1874 1877
1875 1877
1876 1877
1870 1878
1873 1878
1874 1878
1875 1878
1876 1878
1871 1879
1873 1879
1874 1879
1875 1879
1876 1879
1872 1880
1873 1880
1874 1880
1875 1880
1876 1880
1753 1881
1754 1882
1755 1883
1756 1884
1877 1885
1881 1885
1882 1885
1883 1885
1884 1885
1878 1886
1881 1886
1882 1886
1883 1886
1884 1886
1879 1887
1881 1887
1882 1887
1883 1887
1884 1887
1880 1888
1881 1888
1882 1888
1883 1888
1884 1888
1761 1889
1762 1890
1763 1891
1764 1892
1885 1893
1889 1893
1890 1893
1891 1893
1892 1893
1886 1894
1889 1894
1890 1894
1891 1894
1892 1894
1887 1895
1889 1895
1890 1895
1891 1895
1892 1895
1888 1896
1889 1896
1890 1896
1891 1896
1892 1896
1769 1897
1770 1898
1771 1899
1772 1900
1893 1901
1897 1901
1898 1901
1899 1901
1900 1901
1894 1902
1897 1902
1898 1902
1899 1902
1900 1902
1895 1903
1897 1903
1898 1903
1899 1903
1900 1903
1896 1904
1897 1904
1898 1904
1899 1904
1900 1904
1777 1905
1778 1906
1779 1907
1780 1908
1901 1909
1905 1909
1906 1909
1907 1909
1908 1909
1902 1910
1905 1910
1906 1910
1907 1910
1908 1910
1903 1911
1905 1911
1906 1911
1907 1911
1908 1911
1904 1912
1905 1912
1906 1912
1907 1912
1908 1912
1785 1913
1786 1914
1787 1915
1788 1916
1909 1917
1913 1917
1914 1917
1915 1917
1916 1917
1910 1918
1913 1918
1914 1918
1915 1918
1916 1918
1911 1919
1913 1919
1914 1919
1915 1919
1916 1919
1912 1920
1913 1920
1914 1920
1915 1920
1916 1920
1793 1921
1794 1922
1795 1923
1796 1924
1921 1925
1922 1925
1923 1925
1924 1925
1921 1926
1922 1926
1923 1926
1924 1926
1921 1927
1922 1927
1923 1927
1924 1927
1921 1928
1922 1928
1923 1928
1924 1928
1801 1929
1802 1930
1803 1931
1804 1932
1925 1933
1929 1933
1930 1933
1931 1933
1932 1933
1926 1934
1929 1934
1930 1934
1931 1934
1932 1934
1927 1935
1929 1935
1930 1935
1931 1935
1932 1935
1928 1936
1929 1936
1930 1936
1931 1936
1932 1936
1809 1937
1810 1938
1811 1939
1812 1940
1933 1941
1937 1941
1938 1941
1939 1941
1940 1941
1934 1942
1937 1942
1938 1942
1939 1942
1940 1942
1935 1943
1937 1943
1938 1943
1939 1943
1940 1943
1936 1944
1937 1944
1938 1944
1939 1944
1940 1944
1817 1945
1818 1946
1819 1947
1820 1948
1941 1949
1945 1949
1946 1949
1947 1949
1948 1949
1942 1950
1945 1950
1946 1950
1947 1950
1948 1950
1943 1951
1945 1951
1946 1951
1947 1951
1948 1951
1944 1952
1945 1952
1946 1952
1947 1952
1948 1952
1825 1953
1826 1954
1827 1955
1828 1956
1949 1957
1953 1957
1954 1957
1955 1957
1956 1957
1950 1958
1953 1958
1954 1958
1955 1958
1956 1958
1951 1959
1953 1959
1954 1959
1955 1959
1956 1959
1952 1960
1953 1960
1954 1960
1955 1960
1956 1960
1833 1961
1834 1962
1835 1963
1836 1964
1957 1965
1961 1965
1962 1965
1963 1965
1964 1965
1958 1966
1961 1966
1962 1966
1963 1966
1964 1966
1959 1967
1961 1967
1962 1967
1963 1967
1964 1967
1960 1968
1961 1968
1962 1968
1963 1968
1964 1968
1841 1969
1842 1970
1843 1971
1844 1972
1965 1973
1969 1973
1970 1973
1971 1973
1972 1973
1966 1974
1969 1974
1970 1974
1971 1974
1972 1974
1967 1975
1969 1975
1970 1975
1971 1975
1972 1975
1968 1976
1969 1976
1970 1976
1971 1976
1972 1976
1849 1977
1850 1978
1851 1979
1852 1980
1973 1981
1977 1981
1978 1981
1979 1981
1980 1981
1974 1982
1977 1982
1978 1982
1979 1982
1980 1982
1975 1983
1977 1983
1978 1983
1979 1983
1980 1983
1976 1984
1977 1984
1978 1984
1979 1984
1980 1984
1857 1985
1858 1986
1859 1987
1860 1988
1981 1989
1985 1989
1986 1989
1987 1989
1988 1989
1982 1990
1985 1990
1986 1990
1987 1990
1988 1990
1983 1991
1985 1991
1986 1991
1987 1991
1988 1991
1984 1992
1985 1992
1986 1992
1987 1992
1988 1992
1865 1993
1866 1994
1867 1995
1868 1996
1989 1997
1993 1997
1994 1997
1995 1997
1996 1997
1990 1998
1993 1998
1994 1998
1995 1998
1996 1998
1991 1999
1993 1999
1994 1999
1995 1999
1996 1999
1992 2000
1993 2000
1994 2000
1995 2000
1996 2000
1873 2001
1874 2002
1875 2003
1876 2004
1997 2005
2001 2005
2002 2005
2003 2005
2004 2005
1998 2006
2001 2006
2002 2006
2003 2006
2004 2006
1999 2007
2001 2007
2002 2007
2003 2007
2004 2007
2000 2008
2001 2008
2002 2008
2003 2008
2004 2008
1881 2009
1882 2010
1883 2011
1884 2012
2005 2013
2009 2013
2010 2013
2011 2013
2012 2013
2006 2014
2009 2014
2010 2014
2011 2014
2012 2014
2007 2015
2009 2015
2010 2015
2011 2015
2012 2015
2008 2016
2009 2016
2010 2016
2011 2016
2012 2016
1889 2017
1890 2018
1891 2019
1892 2020
2013 2021
2017 2021
2018 2021
2019 2021
2020 2021
2014 2022
2017 2022
2018 2022
2019 2022
2020 2022
2015 2023
2017 2023
2018 2023
2019 2023
2020 2023
2016 2024
2017 2024
2018 2024
2019 2024
2020 2024
1897 2025
1898 2026
1899 2027
1900 2028
2021 2029
2025 2029
2026 2029
2027 2029
2028 2029
2022 2030
2025 2030
2026 2030
2027 2030
2028 2030
2023 2031
2025 2031
2026 2031
2027 2031
2028 2031
2024 2032
2025 2032
2026 2032
2027 2032
2028 2032
1905 2033
1906 2034
1907 2035
1908 2036
2029 2037
2033 2037
2034 2037
2035 2037
2036 2037
2030 2038
2033 2038
2034 2038
2035 2038
2036 2038
2031 2039
2033 2039
2034 2039
2035 2039
2036 2039
2032 2040
2033 2040
2034 2040
2035 2040
2036 2040
1913 2041
1914 2042
1915 2043
1916 2044
2037 2045
2041 2045
2042 2045
2043 2045
2044 2045
2038 2046
2041 2046
2042 2046
2043 2046
2044 2046
2039 2047
2041 2047
2042 2047
2043 2047
2044 2047
2040 2048
2041 2048
2042 2048
2043 2048
2044 2048
