1152 3265
1 5
2 5
3 5
4 5
1 6
2 6
3 6
4 6
1 7
2 7
3 7
4 7
1 8
2 8
3 8
4 8
5 13
9 13
10 13
11 13
12 13
6 14
9 14
10 14
11 14
12 14
7 15
9 15
10 15
11 15
12 15
8 16
9 16
10 16
11 16
12 16
13 21
17 21
18 21
19 21
20 21
14 22
17 22
18 22
19 22
20 22
15 23
17 23
18 23
19 23
20 23
16 24
17 24
18 24
19 24
20 24
21 29
25 29
26 29
27 29
28 29
22 30
25 30
26 30
27 30
28 30
23 31
25 31
26 31
27 31
28 31
24 32
25 32
26 32
27 32
28 32
29 37
33 37
34 37
35 37
36 37
30 38
33 38
34 38
35 38
36 38
31 39
33 39
34 39
35 39
36 39
32 40
33 40
34 40
35 40
36 40
37 45
41 45
42 45
43 45
44 45
38 46
41 46
42 46
43 46
44 46
39 47
41 47
42 47
43 47
44 47
40 48
41 48
42 48
43 48
44 48
45 53
49 53
50 53
51 53
52 53
46 54
49 54
50 54
51 54
52 54
47 55
49 55
50 55
51 55
52 55
48 56
49 56
50 56
51 56
52 56
53 61
57 61
58 61
59 61
60 61
54 62
57 62
58 62
59 62
60 62
55 63
57 63
58 63
59 63
60 63
56 64
57 64
58 64
59 64
60 64
61 69
65 69
66 69
67 69
68 69
62 70
65 70
66 70
67 70
68 70
63 71
65 71
66 71
67 71
68 71
64 72
65 72
66 72
67 72
68 72
69 77
73 77
74 77
75 77
76 77
70 78
73 78
74 78
75 78
76 78
71 79
73 79
74 79
75 79
76 79
72 80
73 80
74 80
75 80
76 80
77 85
81 85
82 85
83 85
84 85
78 86
81 86
82 86
83 86
84 86
79 87
81 87
82 87
83 87
84 87
80 88
81 88
82 88
83 88
84 88
85 93
89 93
90 93
91 93
92 93
86 94
89 94
90 94
91 94
92 94
87 95
89 95
90 95
91 95
92 95
88 96
89 96
90 96
91 96
92 96
1 97
2 98
3 99
4 100
97 101
98 101
99 101
100 101
97 102
98 102
99 102
100 102
97 103
98 103
99 103
100 103
97 104
98 104
99 104
100 104
9 105
10 106
11 107
12 108
101 109
105 109
106 109
107 109
108 109
102 110
105 110
106 110
107 110
108 110
103 111
105 111
106 111
107 111
108 111
104 112
105 112
106 112
107 112
108 112
17 113
18 114
19 115
20 116
109 117
113 117
114 117
115 117
116 117
110 118
113 118
114 118
115 118
116 118
111 119
113 119
114 119
115 119
116 119
112 120
113 120
114 120
115 120
116 120
25 121
26 122
27 123
28 124
117 125
121 125
122 125
123 125
124 125
118 126
121 126
122 126
123 126
124 126
119 127
121 127
122 127
123 127
124 127
120 128
121 128
122 128
123 128
124 128
33 129
34 130
35 131
36 132
125 133
129 133
130 133
131 133
132 133
126 134
129 134
130 134
131 134
132 134
127 135
129 135
130 135
131 135
132 135
128 136
129 136
130 136
131 136
132 136
41 137
42 138
43 139
44 140
133 141
137 141
138 141
139 141
140 141
134 142
137 142
138 142
139 142
140 142
135 143
137 143
138 143
139 143
140 143
136 144
137 144
138 144
139 144
140 144
49 145
50 146
51 147
52 148
141 149
145 149
146 149
147 149
148 149
142 150
145 150
146 150
147 150
148 150
143 151
145 151
146 151
147 151
148 151
144 152
145 152
146 152
147 152
148 152
57 153
58 154
59 155
60 156
149 157
153 157
154 157
155 157
156 157
150 158
153 158
154 158
155 158
156 158
151 159
153 159
154 159
155 159
156 159
152 160
153 160
154 160
155 160
156 160
65 161
66 162
67 163
68 164
157 165
161 165
162 165
163 165
164 165
158 166
161 166
162 166
163 166
164 166
159 167
161 167
162 167
163 167
164 167
160 168
161 168
162 168
163 168
164 168
73 169
74 170
75 171
76 172
165 173
169 173
170 173
171 173
172 173
166 174
169 174
170 174
171 174
172 174
167 175
169 175
170 175
171 175
172 175
168 176
169 176
170 176
171 176
172 176
81 177
82 178
83 179
84 180
173 181
177 181
178 181
179 181
180 181
174 182
177 182
178 182
179 182
180 182
175 183
177 183
178 183
179 183
180 183
176 184
177 184
178 184
179 184
180 184
89 185
90 186
91 187
92 188
181 189
185 189
186 189
187 189
188 189
182 190
185 190
186 190
187 190
188 190
183 191
185 191
186 191
187 191
188 191
184 192
185 192
186 192
187 192
188 192
97 193
98 194
99 195
100 196
193 197
194 197
195 197
196 197
193 198
194 198
195 198
196 198
193 199
194 199
195 199
196 199
193 200
194 200
195 200
196 200
105 201
106 202
107 203
197 205
201 205
202 205
203 205
198 206
201 206
202 206
203 206
199 207
201 207
202 207
203 207
200 208
201 208
202 208
203 208
113 209
114 210
115 211
116 212
205 213
209 213
210 213
211 213
212 213
206 214
209 214
210 214
211 214
212 214
207 215
209 215
210 215
211 215
212 215
208 216
209 216
210 216
211 216
121 217
122 218
123 219
124 220
213 221
217 221
218 221
219 221
220 221
214 222
217 222
218 222
219 222
220 222
215 223
217 223
218 223
219 223
220 223
216 224
217 224
218 224
219 224
220 224
129 225
130 226
131 227
132 228
221 229
225 229
226 229
227 229
228 229
222 230
225 230
226 230
227 230
228 230
223 231
225 231
226 231
227 231
228 231
224 232
225 232
226 232
227 232
228 232
137 233
138 234
139 235
140 236
229 237
233 237
234 237
235 237
236 237
230 238
233 238
234 238
235 238
236 238
231 239
233 239
234 239
235 239
236 239
232 240
233 240
234 240
235 240
236 240
145 241
146 242
147 243
148 244
237 245
241 245
242 245
243 245
244 245
238 246
241 246
242 246
243 246
244 246
239 247
241 247
242 247
243 247
244 247
240 248
241 248
242 248
243 248
244 248
153 249
154 250
155 251
156 252
245 253
249 253
250 253
251 253
252 253
246 254
249 254
250 254
251 254
252 254
247 255
249 255
250 255
251 255
252 255
248 256
249 256
250 256
251 256
252 256
161 257
162 258
163 259
164 260
253 261
257 261
258 261
259 261
260 261
254 262
257 262
258 262
259 262
260 262
255 263
257 263
258 263
259 263
260 263
256 264
257 264
258 264
259 264
260 264
169 265
170 266
171 267
172 268
261 269
265 269
266 269
267 269
268 269
262 270
265 270
266 270
267 270
268 270
263 271
265 271
266 271
267 271
268 271
264 272
265 272
266 272
267 272
268 272
177 273
178 274
179 275
180 276
269 277
273 277
274 277
275 277
276 277
270 278
273 278
274 278
275 278
276 278
271 279
273 279
274 279
275 279
276 279
272 280
273 280
274 280
275 280
276 280
185 281
186 282
187 283
188 284
277 285
281 285
282 285
283 285
284 285
278 286
281 286
282 286
283 286
284 286
279 287
281 287
282 287
283 287
284 287
280 288
281 288
282 288
283 288
284 288
193 289
194 290
195 291
196 292
289 293
290 293
291 293
292 293
289 294
290 294
291 294
292 294
289 295
290 295
291 295
292 295
289 296
290 296
291 296
292 296
201 297
202 298
293 301
297 301
298 301
300 301
294 302
297 302
298 302
300 302
295 303
297 303
298 303
300 303
209 305
210 306
211 307
212 308
301 309
305 309
306 309
307 309
308 309
302 310
305 310
306 310
307 310
308 310
303 311
305 311
306 311
307 311
308 311
305 312
306 312
307 312
308 312
217 313
218 314
219 315
220 316
309 317
313 317
314 317
315 317
316 317
310 318
313 318
314 318
315 318
316 318
311 319
313 319
314 319
315 319
316 319
312 320
313 320
314 320
315 320
316 320
225 321
226 322
227 323
228 324
317 325
321 325
322 325
323 325
324 325
318 326
321 326
322 326
323 326
324 326
319 327
321 327
322 327
323 327
324 327
320 328
321 328
322 328
323 328
324 328
233 329
234 330
235 331
236 332
325 333
329 333
330 333
331 333
332 333
326 334
329 334
330 334
331 334
332 334
327 335
329 335
330 335
331 335
332 335
328 336
329 336
330 336
331 336
332 336
241 337
242 338
243 339
244 340
333 341
337 341
338 341
339 341
340 341
334 342
337 342
338 342
339 342
340 342
335 343
337 343
338 343
339 343
340 343
336 344
337 344
338 344
339 344
340 344
249 345
250 346
251 347
252 348
341 349
345 349
346 349
347 349
348 349
342 350
345 350
346 350
347 350
348 350
343 351
345 351
346 351
347 351
348 351
344 352
345 352
346 352
347 352
348 352
257 353
258 354
259 355
260 356
349 357
353 357
354 357
355 357
356 357
350 358
353 358
354 358
355 358
356 358
351 359
353 359
354 359
355 359
356 359
352 360
353 360
354 360
355 360
356 360
265 361
266 362
267 363
268 364
357 365
361 365
362 365
363 365
364 365
358 366
361 366
362 366
363 366
364 366
359 367
361 367
362 367
363 367
364 367
360 368
361 368
362 368
363 368
364 368
273 369
274 370
275 371
276 372
365 373
369 373
370 373
371 373
372 373
366 374
369 374
370 374
371 374
372 374
367 375
369 375
370 375
371 375
372 375
368 376
369 376
370 376
371 376
372 376
281 377
282 378
283 379
284 380
373 381
377 381
378 381
379 381
380 381
374 382
377 382
378 382
379 382
380 382
375 383
377 383
378 383
379 383
380 383
376 384
377 384
378 384
379 384
380 384
289 385
290 386
291 387
292 388
385 389
386 389
387 389
388 389
385 390
386 390
387 390
388 390
385 391
386 391
387 391
388 391
385 392
386 392
387 392
388 392
297 393
298 394
300 396
389 397
393 397
394 397
395 397
396 397
390 398
393 398
394 398
395 398
396 398
391 399
393 399
394 399
395 399
396 399
392 400
393 400
394 400
395 400
396 400
305 401
306 402
307 403
308 404
397 405
401 405
402 405
403 405
404 405
398 406
401 406
402 406
403 406
404 406
399 407
401 407
402 407
403 407
404 407
400 408
401 408
402 408
403 408
404 408
313 409
314 410
315 411
316 412
405 413
409 413
410 413
411 413
412 413
406 414
409 414
410 414
411 414
412 414
407 415
409 415
410 415
411 415
412 415
408 416
409 416
410 416
411 416
412 416
321 417
322 418
323 419
324 420
413 421
417 421
418 421
419 421
420 421
414 422
417 422
418 422
419 422
420 422
415 423
417 423
418 423
419 423
420 423
416 424
417 424
418 424
419 424
420 424
329 425
330 426
331 427
332 428
421 429
425 429
426 429
427 429
428 429
422 430
425 430
426 430
427 430
428 430
423 431
425 431
426 431
427 431
428 431
424 432
425 432
426 432
427 432
428 432
337 433
338 434
339 435
340 436
429 437
433 437
434 437
435 437
436 437
430 438
433 438
434 438
435 438
436 438
431 439
433 439
434 439
435 439
436 439
432 440
433 440
434 440
435 440
436 440
345 441
346 442
347 443
348 444
437 445
441 445
442 445
443 445
444 445
438 446
441 446
442 446
443 446
444 446
439 447
441 447
442 447
443 447
444 447
440 448
441 448
442 448
443 448
444 448
353 449
354 450
356 452
445 453
449 453
450 453
452 453
446 454
449 454
450 454
452 454
447 455
449 455
450 455
452 455
361 457
362 458
363 459
364 460
453 461
457 461
458 461
459 461
460 461
454 462
457 462
458 462
459 462
460 462
455 463
457 463
458 463
459 463
460 463
457 464
458 464
459 464
460 464
369 465
370 466
371 467
372 468
461 469
465 469
466 469
467 469
468 469
462 470
465 470
466 470
467 470
468 470
463 471
465 471
466 471
467 471
468 471
464 472
465 472
466 472
467 472
468 472
377 473
378 474
379 475
380 476
469 477
473 477
474 477
475 477
476 477
470 478
473 478
474 478
475 478
476 478
471 479
473 479
474 479
475 479
476 479
472 480
473 480
474 480
475 480
476 480
385 481
386 482
387 483
388 484
481 485
482 485
483 485
484 485
481 486
482 486
483 486
484 486
481 487
482 487
483 487
484 487
481 488
482 488
483 488
484 488
393 489
394 490
395 491
396 492
485 493
489 493
490 493
491 493
492 493
486 494
489 494
490 494
491 494
492 494
487 495
489 495
490 495
491 495
492 495
488 496
489 496
490 496
491 496
492 496
401 497
402 498
403 499
404 500
493 501
497 501
498 501
499 501
500 501
494 502
497 502
498 502
499 502
500 502
495 503
497 503
498 503
499 503
500 503
496 504
497 504
498 504
499 504
500 504
409 505
410 506
411 507
412 508
501 509
505 509
506 509
507 509
508 509
502 510
505 510
506 510
507 510
508 510
503 511
505 511
506 511
507 511
508 511
504 512
505 512
506 512
507 512
508 512
417 513
418 514
419 515
420 516
509 517
513 517
514 517
515 517
516 517
510 518
513 518
514 518
515 518
516 518
511 519
513 519
514 519
515 519
516 519
512 520
513 520
514 520
515 520
516 520
425 521
426 522
427 523
428 524
517 525
521 525
522 525
523 525
524 525
518 526
521 526
522 526
523 526
524 526
519 527
521 527
522 527
523 527
524 527
520 528
521 528
522 528
523 528
524 528
433 529
434 530
435 531
436 532
525 533
529 533
530 533
531 533
532 533
526 534
529 534
530 534
531 534
532 534
527 535
529 535
530 535
531 535
532 535
528 536
529 536
530 536
531 536
532 536
441 537
442 538
443 539
444 540
533 541
537 541
538 541
539 541
540 541
534 542
537 542
538 542
539 542
540 542
535 543
537 543
538 543
539 543
540 543
536 544
537 544
538 544
539 544
540 544
449 545
450 546
452 548
541 549
545 549
546 549
547 549
548 549
542 550
545 550
546 550
547 550
548 550
543 551
545 551
546 551
547 551
548 551
544 552
545 552
546 552
547 552
548 552
457 553
458 554
459 555
460 556
549 557
553 557
554 557
555 557
556 557
550 558
553 558
554 558
555 558
556 558
551 559
553 559
554 559
555 559
556 559
552 560
553 560
554 560
555 560
556 560
465 561
466 562
467 563
468 564
557 565
561 565
562 565
563 565
564 565
558 566
561 566
562 566
563 566
564 566
559 567
561 567
562 567
563 567
564 567
560 568
561 568
562 568
563 568
564 568
473 569
474 570
475 571
476 572
565 573
569 573
570 573
571 573
572 573
566 574
569 574
570 574
571 574
572 574
567 575
569 575
570 575
571 575
572 575
568 576
569 576
570 576
571 576
572 576
481 577
482 578
483 579
484 580
577 581
578 581
579 581
580 581
577 582
578 582
579 582
580 582
577 583
578 583
579 583
580 583
577 584
578 584
579 584
580 584
489 585
490 586
491 587
492 588
581 589
585 589
586 589
587 589
588 589
582 590
585 590
586 590
587 590
588 590
583 591
585 591
586 591
587 591
588 591
584 592
585 592
586 592
587 592
588 592
497 593
498 594
499 595
500 596
589 597
593 597
594 597
595 597
596 597
590 598
593 598
594 598
595 598
596 598
591 599
593 599
594 599
595 599
596 599
592 600
593 600
594 600
595 600
596 600
505 601
507 603
508 604
597 605
601 605
603 605
604 605
598 606
601 606
603 606
604 606
599 607
601 607
603 607
604 607
513 609
514 610
515 611
516 612
605 613
609 613
610 613
611 613
612 613
606 614
609 614
610 614
611 614
612 614
607 615
609 615
610 615
611 615
612 615
609 616
610 616
611 616
612 616
521 617
522 618
523 619
524 620
613 621
617 621
618 621
619 621
620 621
614 622
617 622
618 622
619 622
620 622
615 623
617 623
618 623
619 623
620 623
616 624
617 624
618 624
619 624
620 624
529 625
530 626
531 627
532 628
621 629
625 629
626 629
627 629
628 629
622 630
625 630
626 630
627 630
628 630
623 631
625 631
626 631
627 631
628 631
624 632
625 632
626 632
627 632
628 632
537 633
538 634
539 635
540 636
629 637
633 637
634 637
635 637
636 637
630 638
633 638
634 638
635 638
636 638
631 639
633 639
634 639
635 639
636 639
632 640
633 640
634 640
635 640
636 640
545 641
546 642
547 643
548 644
637 645
641 645
642 645
643 645
644 645
638 646
641 646
642 646
643 646
644 646
639 647
641 647
642 647
643 647
644 647
640 648
641 648
642 648
643 648
644 648
553 649
554 650
555 651
556 652
645 653
649 653
650 653
651 653
652 653
646 654
649 654
650 654
651 654
652 654
647 655
649 655
650 655
651 655
652 655
648 656
649 656
650 656
651 656
652 656
561 657
562 658
563 659
564 660
653 661
657 661
658 661
659 661
660 661
654 662
657 662
658 662
659 662
660 662
655 663
657 663
658 663
659 663
660 663
656 664
657 664
658 664
659 664
660 664
569 665
570 666
571 667
572 668
661 669
665 669
666 669
667 669
668 669
662 670
665 670
666 670
667 670
668 670
663 671
665 671
666 671
667 671
668 671
664 672
665 672
666 672
667 672
668 672
577 673
578 674
579 675
580 676
673 677
674 677
675 677
676 677
673 678
674 678
675 678
676 678
673 679
674 679
675 679
676 679
673 680
674 680
675 680
676 680
585 681
586 682
587 683
588 684
677 685
681 685
682 685
683 685
684 685
678 686
681 686
682 686
683 686
684 686
679 687
681 687
682 687
683 687
684 687
680 688
681 688
682 688
683 688
684 688
593 689
594 690
595 691
596 692
685 693
689 693
690 693
691 693
692 693
686 694
689 694
690 694
691 694
692 694
687 695
689 695
690 695
691 695
692 695
688 696
689 696
690 696
691 696
692 696
601 697
603 699
604 700
693 701
697 701
698 701
699 701
700 701
694 702
697 702
698 702
699 702
700 702
695 703
697 703
698 703
699 703
700 703
696 704
697 704
698 704
699 704
700 704
609 705
610 706
611 707
612 708
701 709
705 709
706 709
707 709
708 709
702 710
705 710
706 710
707 710
708 710
703 711
705 711
706 711
707 711
708 711
704 712
705 712
706 712
707 712
708 712
617 713
618 714
619 715
620 716
709 717
713 717
714 717
715 717
716 717
710 718
713 718
714 718
715 718
716 718
711 719
713 719
714 719
715 719
716 719
712 720
713 720
714 720
715 720
716 720
625 721
627 723
717 725
721 725
723 725
718 726
721 726
723 726
719 727
721 727
723 727
633 729
634 730
635 731
636 732
725 733
729 733
730 733
731 733
732 733
726 734
729 734
730 734
731 734
732 734
641 737
643 739
644 740
733 741
737 741
739 741
740 741
737 742
739 742
740 742
737 744
739 744
740 744
649 745
650 746
651 747
652 748
741 749
745 749
746 749
747 749
748 749
742 750
745 750
746 750
747 750
748 750
745 751
746 751
747 751
748 751
744 752
745 752
746 752
747 752
748 752
657 753
658 754
659 755
660 756
749 757
753 757
754 757
755 757
756 757
750 758
753 758
754 758
755 758
756 758
751 759
753 759
754 759
755 759
756 759
752 760
753 760
754 760
755 760
756 760
665 761
666 762
667 763
668 764
757 765
761 765
762 765
763 765
764 765
758 766
761 766
762 766
763 766
764 766
759 767
761 767
762 767
763 767
764 767
760 768
761 768
762 768
763 768
764 768
673 769
674 770
675 771
676 772
769 773
770 773
771 773
772 773
769 774
770 774
771 774
772 774
769 775
770 775
771 775
772 775
769 776
770 776
771 776
772 776
681 777
682 778
683 779
684 780
773 781
777 781
778 781
779 781
780 781
774 782
777 782
778 782
779 782
780 782
775 783
777 783
778 783
779 783
780 783
776 784
777 784
778 784
779 784
780 784
689 785
690 786
691 787
692 788
781 789
785 789
786 789
787 789
788 789
782 790
785 790
786 790
787 790
788 790
783 791
785 791
786 791
787 791
788 791
784 792
785 792
786 792
787 792
788 792
697 793
698 794
699 795
700 796
789 797
793 797
794 797
795 797
796 797
790 798
793 798
794 798
795 798
796 798
791 799
793 799
794 799
795 799
796 799
792 800
793 800
794 800
795 800
796 800
705 801
706 802
707 803
708 804
797 805
801 805
802 805
803 805
804 805
798 806
801 806
802 806
803 806
804 806
799 807
801 807
802 807
803 807
804 807
800 808
801 808
802 808
803 808
804 808
713 809
714 810
715 811
716 812
805 813
809 813
810 813
811 813
812 813
806 814
809 814
810 814
811 814
812 814
807 815
809 815
810 815
811 815
812 815
808 816
809 816
810 816
811 816
812 816
721 817
813 821
817 821
819 821
820 821
814 822
817 822
819 822
820 822
815 823
817 823
819 823
820 823
816 824
817 824
819 824
820 824
729 825
730 826
731 827
732 828
821 829
825 829
826 829
827 829
828 829
822 830
825 830
826 830
827 830
828 830
823 831
825 831
826 831
827 831
828 831
824 832
825 832
826 832
827 832
828 832
737 833
739 835
740 836
830 838
833 838
834 838
835 838
836 838
831 839
833 839
834 839
835 839
836 839
832 840
833 840
834 840
835 840
836 840
745 841
746 842
747 843
748 844
838 846
841 846
842 846
843 846
844 846
839 847
841 847
842 847
843 847
844 847
840 848
841 848
842 848
843 848
844 848
753 849
754 850
755 851
756 852
849 853
850 853
851 853
852 853
846 854
849 854
850 854
851 854
852 854
847 855
849 855
850 855
851 855
852 855
848 856
849 856
850 856
851 856
852 856
761 857
762 858
763 859
764 860
853 861
857 861
858 861
859 861
860 861
854 862
857 862
858 862
859 862
860 862
855 863
857 863
858 863
859 863
860 863
856 864
857 864
858 864
859 864
860 864
769 865
770 866
771 867
772 868
865 869
866 869
867 869
868 869
865 870
866 870
867 870
868 870
865 871
866 871
867 871
868 871
865 872
866 872
867 872
868 872
777 873
778 874
779 875
780 876
869 877
873 877
874 877
875 877
876 877
870 878
873 878
874 878
875 878
876 878
871 879
873 879
874 879
875 879
876 879
872 880
873 880
874 880
875 880
876 880
785 881
786 882
787 883
788 884
877 885
881 885
882 885
883 885
884 885
878 886
881 886
882 886
883 886
884 886
879 887
881 887
882 887
883 887
884 887
880 888
881 888
882 888
883 888
884 888
793 889
794 890
795 891
796 892
885 893
889 893
890 893
891 893
892 893
886 894
889 894
890 894
891 894
892 894
887 895
889 895
890 895
891 895
892 895
888 896
889 896
890 896
891 896
892 896
801 897
802 898
803 899
804 900
893 901
897 901
898 901
899 901
900 901
894 902
897 902
898 902
899 902
900 902
895 903
897 903
898 903
899 903
900 903
896 904
897 904
898 904
899 904
900 904
809 905
810 906
811 907
812 908
901 909
905 909
906 909
907 909
908 909
902 910
905 910
906 910
907 910
908 910
903 911
905 911
906 911
907 911
908 911
904 912
905 912
906 912
907 912
908 912
817 913
819 915
820 916
909 917
913 917
914 917
915 917
916 917
910 918
913 918
914 918
915 918
916 918
911 919
913 919
914 919
915 919
916 919
912 920
913 920
914 920
915 920
916 920
825 921
826 922
827 923
828 924
917 925
921 925
922 925
923 925
924 925
918 926
921 926
922 926
923 926
924 926
919 927
921 927
922 927
923 927
924 927
920 928
921 928
922 928
923 928
924 928
833 929
834 930
835 931
836 932
925 933
929 933
930 933
931 933
932 933
926 934
929 934
930 934
931 934
932 934
927 935
929 935
930 935
931 935
932 935
928 936
929 936
930 936
931 936
932 936
841 937
842 938
843 939
844 940
933 941
937 941
938 941
939 941
940 941
934 942
937 942
938 942
939 942
940 942
935 943
937 943
938 943
939 943
940 943
936 944
937 944
938 944
939 944
940 944
849 945
850 946
851 947
852 948
941 949
945 949
946 949
947 949
948 949
942 950
945 950
946 950
947 950
948 950
943 951
945 951
946 951
947 951
948 951
944 952
945 952
946 952
947 952
948 952
857 953
858 954
859 955
860 956
949 957
953 957
954 957
955 957
956 957
950 958
953 958
954 958
955 958
956 958
951 959
953 959
954 959
955 959
956 959
952 960
953 960
954 960
955 960
956 960
865 961
866 962
867 963
868 964
961 965
962 965
963 965
964 965
961 966
962 966
963 966
964 966
961 967
962 967
963 967
964 967
961 968
962 968
963 968
964 968
873 969
874 970
875 971
876 972
965 973
969 973
970 973
971 973
972 973
966 974
969 974
970 974
971 974
972 974
967 975
969 975
970 975
971 975
972 975
968 976
969 976
970 976
971 976
972 976
881 977
882 978
883 979
884 980
973 981
977 981
978 981
979 981
980 981
974 982
977 982
978 982
979 982
980 982
975 983
977 983
978 983
979 983
980 983
976 984
977 984
978 984
979 984
980 984
889 985
890 986
891 987
892 988
981 989
985 989
986 989
987 989
988 989
982 990
985 990
986 990
987 990
988 990
983 991
985 991
986 991
987 991
988 991
984 992
985 992
986 992
987 992
988 992
897 993
898 994
899 995
900 996
989 997
993 997
994 997
995 997
996 997
990 998
993 998
994 998
995 998
996 998
991 999
993 999
994 999
995 999
996 999
992 1000
993 1000
994 1000
995 1000
996 1000
905 1001
906 1002
907 1003
908 1004
997 1005
1001 1005
1002 1005
1003 1005
1004 1005
998 1006
1001 1006
1002 1006
1003 1006
1004 1006
999 1007
1001 1007
1002 1007
1003 1007
1004 1007
1000 1008
1001 1008
1002 1008
1003 1008
1004 1008
913 1009
914 1010
915 1011
916 1012
1005 1013
1009 1013
1010 1013
1011 1013
1012 1013
1006 1014
1009 1014
1010 1014
1011 1014
1012 1014
1007 1015
1009 1015
1010 1015
1011 1015
1012 1015
1008 1016
1009 1016
1010 1016
1011 1016
1012 1016
921 1017
922 1018
923 1019
924 1020
1013 1021
1017 1021
1018 1021
1019 1021
1020 1021
1014 1022
1017 1022
1018 1022
1019 1022
1020 1022
1015 1023
1017 1023
1018 1023
1019 1023
1020 1023
1016 1024
1017 1024
1018 1024
1019 1024
1020 1024
929 1025
930 1026
931 1027
932 1028
1021 1029
1025 1029
1026 1029
1027 1029
1028 1029
1022 1030
1025 1030
1026 1030
1027 1030
1028 1030
1023 1031
1025 1031
1026 1031
1027 1031
1028 1031
1024 1032
1025 1032
1026 1032
1027 1032
1028 1032
937 1033
938 1034
939 1035
940 1036
1029 1037
1033 1037
1034 1037
1035 1037
1036 1037
1030 1038
1033 1038
1034 1038
1035 1038
1036 1038
1031 1039
1033 1039
1034 1039
1035 1039
1036 1039
1032 1040
1033 1040
1034 1040
1035 1040
1036 1040
945 1041
946 1042
947 1043
948 1044
1037 1045
1041 1045
1042 1045
1043 1045
1044 1045
1038 1046
1041 1046
1042 1046
1043 1046
1044 1046
1039 1047
1041 1047
1042 1047
1043 1047
1044 1047
1040 1048
1041 1048
1042 1048
1043 1048
1044 1048
953 1049
954 1050
955 1051
956 1052
1045 1053
1049 1053
1050 1053
1051 1053
1052 1053
1046 1054
1049 1054
1050 1054
1051 1054
1052 1054
1047 1055
1049 1055
1050 1055
1051 1055
1052 1055
1048 1056
1049 1056
1050 1056
1051 1056
1052 1056
961 1057
962 1058
963 1059
964 1060
1057 1061
1058 1061
1059 1061
1060 1061
1057 1062
1058 1062
1059 1062
1060 1062
1057 1063
1058 1063
1059 1063
1060 1063
1057 1064
1058 1064
1059 1064
1060 1064
969 1065
970 1066
971 1067
972 1068
1061 1069
1065 1069
1066 1069
1067 1069
1068 1069
1062 1070
1065 1070
1066 1070
1067 1070
1068 1070
1063 1071
1065 1071
1066 1071
1067 1071
1068 1071
1064 1072
1065 1072
1066 1072
1067 1072
1068 1072
977 1073
978 1074
979 1075
980 1076
1069 1077
1073 1077
1074 1077
1075 1077
1076 1077
1070 1078
1073 1078
1074 1078
1075 1078
1076 1078
1071 1079
1073 1079
1074 1079
1075 1079
1076 1079
1072 1080
1073 1080
1074 1080
1075 1080
1076 1080
985 1081
986 1082
987 1083
988 1084
1077 1085
1081 1085
1082 1085
1083 1085
1084 1085
1078 1086
1081 1086
1082 1086
1083 1086
1084 1086
1079 1087
1081 1087
1082 1087
1083 1087
1084 1087
1080 1088
1081 1088
1082 1088
1083 1088
1084 1088
993 1089
994 1090
995 1091
996 1092
1085 1093
1089 1093
1090 1093
1091 1093
1092 1093
1086 1094
1089 1094
1090 1094
1091 1094
1092 1094
1087 1095
1089 1095
1090 1095
1091 1095
1092 1095
1088 1096
1089 1096
1090 1096
1091 1096
1092 1096
1001 1097
1002 1098
1003 1099
1004 1100
1093 1101
1097 1101
1098 1101
1099 1101
1100 1101
1094 1102
1097 1102
1098 1102
1099 1102
1100 1102
1095 1103
1097 1103
1098 1103
1099 1103
1100 1103
1096 1104
1097 1104
1098 1104
1099 1104
1100 1104
1009 1105
1010 1106
1011 1107
1012 1108
1101 1109
1105 1109
1106 1109
1107 1109
1108 1109
1102 1110
1105 1110
1106 1110
1107 1110
1108 1110
1103 1111
1105 1111
1106 1111
1107 1111
1108 1111
1104 1112
1105 1112
1106 1112
1107 1112
1108 1112
1017 1113
1018 1114
1019 1115
1020 1116
1109 1117
1113 1117
1114 1117
1115 1117
1116 1117
1110 1118
1113 1118
1114 1118
1115 1118
1116 1118
1111 1119
1113 1119
1114 1119
1115 1119
1116 1119
1112 1120
1113 1120
1114 1120
1115 1120
1116 1120
1025 1121
1026 1122
1027 1123
1028 1124
1117 1125
1121 1125
1122 1125
1123 1125
1124 1125
1118 1126
1121 1126
1122 1126
1123 1126
1124 1126
1119 1127
1121 1127
1122 1127
1123 1127
1124 1127
1120 1128
1121 1128
1122 1128
1123 1128
1124 1128
1033 1129
1034 1130
1035 1131
1036 1132
1125 1133
1129 1133
1130 1133
1131 1133
1132 1133
1126 1134
1129 1134
1130 1134
1131 1134
1132 1134
1127 1135
1129 1135
1130 1135
1131 1135
1132 1135
1128 1136
1129 1136
1130 1136
1131 1136
1132 1136
1041 1137
1042 1138
1043 1139
1044 1140
1133 1141
1137 1141
1138 1141
1139 1141
1140 1141
1134 1142
1137 1142
1138 1142
1139 1142
1140 1142
1135 1143
1137 1143
1138 1143
1139 1143
1140 1143
1136 1144
1137 1144
1138 1144
1139 1144
1140 1144
1049 1145
1050 1146
1051 1147
1052 1148
1141 1149
1145 1149
1146 1149
1147 1149
1148 1149
1142 1150
1145 1150
1146 1150
1147 1150
1148 1150
1143 1151
1145 1151
1146 1151
1147 1151
1148 1151
1144 1152
1145 1152
1146 1152
1147 1152
1148 1152
